{
	"version": "0.7", 
	"id": "", 
	"meshes": [], 
	"materials": [], 
	"nodes": [
		{
			"id": "root", 
			"skeleton": false, 
			"transform": [ 1.000000, -0.000000, -0.000000,  0.000000,  0.000000,  1.000000,  0.000000,  0.000000,  0.000000, -0.000000,  1.000000,  0.000000,  0.000000,  0.000000,  0.000000,  1.000000], 
			"children": [
				{
					"id": "Bone023", 
					"skeleton": false, 
					"transform": [ 0.209074,  0.971784,  0.109199,  0.000000, -0.977631,  0.210326,  0.000051,  0.000000, -0.022918, -0.106767,  0.994020,  0.000000, -1.459585,  97.917183, -1.728717,  1.000000], 
					"children": [
						{
							"id": "Bone032", 
							"skeleton": false, 
							"transform": [ 0.991722,  0.127551, -0.014769,  0.000000, -0.128077,  0.990833, -0.042971,  0.000000,  0.009153,  0.044507,  0.998967,  0.000000,  12.069244, -0.000000, -0.000008,  1.000000], 
							"children": [
								{
									"id": "Bone026", 
									"skeleton": false, 
									"transform": [ 0.961486,  0.178670, -0.208857,  0.000000, -0.191453,  0.980581, -0.042510,  0.000000,  0.197206,  0.080859,  0.977022,  0.000000,  12.077484,  0.000006,  0.000015,  1.000000], 
									"children": [
										{
											"id": "Bone025", 
											"skeleton": false, 
											"transform": [ 0.988594,  0.019371, -0.149354,  0.000000, -0.012297,  0.998765,  0.048142,  0.000000,  0.150103, -0.045757,  0.987611,  0.000000,  12.780785,  0.000120, -0.000016,  1.000000], 
											"children": [
												{
													"id": "Bone024", 
													"skeleton": false, 
													"transform": [ 0.804895,  0.020307,  0.593069,  0.000000,  0.093798,  0.982497, -0.160940,  0.000000, -0.585957,  0.185169,  0.788902,  0.000000,  14.347260,  0.000311,  0.000027,  1.000000], 
													"children": [
														{
															"id": "Bone_head", 
															"skeleton": false, 
															"transform": [ 0.998886,  0.038644, -0.027088,  0.000000, -0.019453, -0.185794, -0.982396,  0.000000, -0.042997,  0.981828, -0.184836,  0.000000,  5.685593, -0.000011,  0.000000,  1.000000], 
															"children": [
																{
																	"id": "Bone_nose", 
																	"skeleton": false, 
																	"transform": [ 0.015182, -0.999885,  0.000029,  0.000000, -0.029574, -0.000478, -0.999563,  0.000000,  0.999447,  0.015174, -0.029578,  0.000000,  8.492447, -3.452766,  0.000084,  1.000000]
																}, 
																{
																	"id": "Bone_jaw", 
																	"skeleton": false, 
																	"transform": [-0.559190, -0.829039, -0.000014,  0.000000, -0.040008,  0.027002, -0.998834,  0.000000,  0.828074, -0.558538, -0.048267,  0.000000,  4.732376, -3.238918,  0.000130,  1.000000]
																}
															]
														}
													]
												}, 
												{
													"id": "Bone027", 
													"skeleton": false, 
													"transform": [ 0.326966,  0.944981, -0.010147,  0.000000, -0.760445,  0.256711, -0.596509,  0.000000, -0.561085,  0.202755,  0.802542,  0.000000,  5.798386,  3.431183, -5.144135,  1.000000], 
													"children": [
														{
															"id": "Bone028", 
															"skeleton": false, 
															"transform": [ 0.013743,  0.910398, -0.413505,  0.000000, -0.881638, -0.184065, -0.434551,  0.000000, -0.471726,  0.370534,  0.800112,  0.000000,  10.335968,  0.000031, -0.000008,  1.000000], 
															"children": [
																{
																	"id": "Bone029", 
																	"skeleton": false, 
																	"transform": [ 0.122302, -0.009793,  0.992445,  0.000000,  0.532589,  0.844432, -0.057300,  0.000000, -0.837491,  0.535573,  0.108491,  0.000000,  23.257835,  0.000003, -0.000015,  1.000000], 
																	"children": [
																		{
																			"id": "Bone030", 
																			"skeleton": false, 
																			"transform": [ 0.269430,  0.809591, -0.521507,  0.000000, -0.961082,  0.260387, -0.092304,  0.000000,  0.061065,  0.526081,  0.848239,  0.000000,  21.830490, -0.000015,  0.000004,  1.000000], 
																			"children": [
																				{
																					"id": "Bone031", 
																					"skeleton": false, 
																					"transform": [ 1.000000, -0.000000,  0.000000,  0.000000, -0.000000,  1.000000,  0.000000,  0.000000, -0.000000, -0.000000,  1.000000,  0.000000,  10.322990,  0.000023, -0.000017,  1.000000]
																				}, 
																				{
																					"id": "Bone037", 
																					"skeleton": false, 
																					"transform": [ 0.749082,  0.138655,  0.647806,  0.000000, -0.332177,  0.924656,  0.186198,  0.000000, -0.573180, -0.354664,  0.738701,  0.000000,  5.428783,  1.608086,  3.109480,  1.000000], 
																					"children": [
																						{
																							"id": "Bone038", 
																							"skeleton": false, 
																							"transform": [ 0.802186, -0.073031, -0.592591,  0.000000,  0.157385,  0.983255,  0.091874,  0.000000,  0.575958, -0.166965,  0.800247,  0.000000,  3.639519,  0.000015, -0.000004,  1.000000], 
																							"children": [
																								{
																									"id": "Bone039", 
																									"skeleton": false, 
																									"transform": [ 0.741847, -0.034576, -0.669677,  0.000000, -0.003491,  0.998457, -0.055417,  0.000000,  0.670560,  0.043449,  0.740582,  0.000000,  2.830402, -0.000015, -0.000000,  1.000000]
																								}
																							]
																						}
																					]
																				}, 
																				{
																					"id": "Bone041", 
																					"skeleton": false, 
																					"transform": [ 0.949019,  0.314527,  0.020899,  0.000000, -0.314092,  0.949146, -0.021650,  0.000000, -0.026645,  0.013982,  0.999547,  0.000000,  10.926735, -0.885017,  2.882986,  1.000000], 
																					"children": [
																						{
																							"id": "Bone042", 
																							"skeleton": false, 
																							"transform": [ 0.602263,  0.798284, -0.004667,  0.000000, -0.797540,  0.601936,  0.040050,  0.000000,  0.034781, -0.020398,  0.999187,  0.000000,  3.056162,  0.000023, -0.000008,  1.000000], 
																							"children": [
																								{
																									"id": "Bone043", 
																									"skeleton": false, 
																									"transform": [ 0.937452,  0.344294,  0.051431,  0.000000, -0.344921,  0.938625,  0.003582,  0.000000, -0.047041, -0.021098,  0.998670,  0.000000,  2.204178,  0.000031,  0.000000,  1.000000]
																								}
																							]
																						}
																					]
																				}, 
																				{
																					"id": "Bone045", 
																					"skeleton": false, 
																					"transform": [ 0.916092,  0.400526,  0.018819,  0.000000, -0.400082,  0.916179, -0.023481,  0.000000, -0.026646,  0.013982,  0.999547,  0.000000,  10.974396, -0.910034,  1.094793,  1.000000], 
																					"children": [
																						{
																							"id": "Bone046", 
																							"skeleton": false, 
																							"transform": [ 0.673682,  0.738366,  0.031131,  0.000000, -0.737437,  0.668883,  0.093719,  0.000000,  0.048376, -0.086094,  0.995112,  0.000000,  2.982290,  0.000015,  0.000008,  1.000000], 
																							"children": [
																								{
																									"id": "Bone047", 
																									"skeleton": false, 
																									"transform": [ 0.889740,  0.456418,  0.006838,  0.000000, -0.454093,  0.886536, -0.088614,  0.000000, -0.046507,  0.075738,  0.996043,  0.000000,  2.761452,  0.000031,  0.000006,  1.000000]
																								}
																							]
																						}
																					]
																				}, 
																				{
																					"id": "Bone049", 
																					"skeleton": false, 
																					"transform": [ 0.838388,  0.544079, -0.032933,  0.000000, -0.504579,  0.797536,  0.330659,  0.000000,  0.206170, -0.260603,  0.943176,  0.000000,  11.054520, -0.527252, -0.595633,  1.000000], 
																					"children": [
																						{
																							"id": "Bone050", 
																							"skeleton": false, 
																							"transform": [ 0.652100,  0.755448,  0.063748,  0.000000, -0.757913,  0.647576,  0.078832,  0.000000,  0.018271, -0.099722,  0.994847,  0.000000,  2.495878, -0.000000,  0.000000,  1.000000], 
																							"children": [
																								{
																									"id": "Bone051", 
																									"skeleton": false, 
																									"transform": [ 0.982541,  0.182483, -0.036229,  0.000000, -0.185241,  0.977646, -0.099466,  0.000000,  0.017268,  0.104441,  0.994381,  0.000000,  2.137543,  0.000023, -0.000004,  1.000000]
																								}
																							]
																						}
																					]
																				}, 
																				{
																					"id": "Bone054", 
																					"skeleton": false, 
																					"transform": [ 0.882444,  0.470242, -0.012867,  0.000000, -0.414720,  0.790580,  0.450544,  0.000000,  0.222037, -0.392244,  0.892661,  0.000000,  10.734283,  0.103806, -2.319216,  1.000000], 
																					"children": [
																						{
																							"id": "Bone055", 
																							"skeleton": false, 
																							"transform": [ 0.637127,  0.768395, -0.060309,  0.000000, -0.763931,  0.639939,  0.082988,  0.000000,  0.102362, -0.006802,  0.994724,  0.000000,  2.505419,  0.000000,  0.000008,  1.000000], 
																							"children": [
																								{
																									"id": "Bone056", 
																									"skeleton": false, 
																									"transform": [ 0.958890,  0.283297, -0.016528,  0.000000, -0.283396,  0.958995, -0.003888,  0.000000,  0.014749,  0.008412,  0.999856,  0.000000,  1.329674,  0.000008, -0.000004,  1.000000]
																								}
																							]
																						}
																					]
																				}
																			]
																		}
																	]
																}
															]
														}
													]
												}, 
												{
													"id": "Bone027(mirrored)", 
													"skeleton": false, 
													"transform": [ 0.358282, -0.925777,  0.120712,  0.000000,  0.890699,  0.377693,  0.252988,  0.000000, -0.279803,  0.016877,  0.959909,  0.000000,  5.798233, -3.432467, -5.143875,  1.000000], 
													"children": [
														{
															"id": "Bone028(mirrored)", 
															"skeleton": false, 
															"transform": [-0.183942, -0.926204,  0.329108,  0.000000,  0.831179, -0.325294, -0.450915,  0.000000,  0.524696,  0.190605,  0.829677,  0.000000,  10.335953, -0.000015,  0.000002,  1.000000], 
															"children": [
																{
																	"id": "Bone029(mirrored)", 
																	"skeleton": false, 
																	"transform": [-0.314790, -0.024089,  0.948856,  0.000000, -0.509310,  0.847858, -0.147443,  0.000000, -0.800943, -0.529675, -0.279166,  0.000000,  23.257835, -0.000002,  0.000008,  1.000000], 
																	"children": [
																		{
																			"id": "Bone030(mirrored)", 
																			"skeleton": false, 
																			"transform": [ 0.930861,  0.167846, -0.324539,  0.000000, -0.331542,  0.014739, -0.943325,  0.000000, -0.153550,  0.985703,  0.069368,  0.000000,  21.830475,  0.000031, -0.000000,  1.000000], 
																			"children": [
																				{
																					"id": "Bone031(mirrored)", 
																					"skeleton": false, 
																					"transform": [ 1.000000,  0.000001, -0.000000,  0.000000, -0.000001,  1.000000, -0.000000,  0.000000,  0.000000,  0.000000,  1.000000,  0.000000,  10.322960, -0.000008,  0.000027,  1.000000]
																				}, 
																				{
																					"id": "Bone037(mirrored)", 
																					"skeleton": false, 
																					"transform": [ 0.649956, -0.358519,  0.670090,  0.000000,  0.588563,  0.795271, -0.145384,  0.000000, -0.480780,  0.488884,  0.727903,  0.000000,  5.428764, -1.608063,  3.109512,  1.000000], 
																					"children": [
																						{
																							"id": "Bone038(mirrored)", 
																							"skeleton": false, 
																							"transform": [ 0.988469, -0.146772, -0.037238,  0.000000,  0.142046,  0.983978, -0.107758,  0.000000,  0.052457,  0.101226,  0.993480,  0.000000,  3.639496,  0.000023,  0.000008,  1.000000], 
																							"children": [
																								{
																									"id": "Bone039(mirrored)", 
																									"skeleton": false, 
																									"transform": [ 0.967984,  0.239647,  0.074670,  0.000000, -0.241365,  0.970322,  0.014769,  0.000000, -0.068915, -0.032319,  0.997099,  0.000000,  2.830353, -0.000011,  0.000008,  1.000000]
																								}
																							]
																						}
																					]
																				}, 
																				{
																					"id": "Bone049(mirrored)", 
																					"skeleton": false, 
																					"transform": [ 0.411556, -0.896483,  0.164132,  0.000000,  0.905051,  0.380819, -0.189364,  0.000000,  0.107257,  0.226482,  0.968092,  0.000000,  11.054512,  0.527267, -0.595619,  1.000000], 
																					"children": [
																						{
																							"id": "Bone050(mirrored)", 
																							"skeleton": false, 
																							"transform": [ 0.110572, -0.993837,  0.007850,  0.000000,  0.993867,  0.110556, -0.002337,  0.000000,  0.001455,  0.008060,  0.999967,  0.000000,  2.495895, -0.000008,  0.000011,  1.000000], 
																							"children": [
																								{
																									"id": "Bone051(mirrored)", 
																									"skeleton": false, 
																									"transform": [ 0.704223, -0.709978, -0.001142,  0.000000,  0.705718,  0.699820,  0.110511,  0.000000, -0.077661, -0.078630,  0.993875,  0.000000,  2.137539,  0.000000, -0.000023,  1.000000]
																								}
																							]
																						}
																					]
																				}, 
																				{
																					"id": "Bone054(mirrored)", 
																					"skeleton": false, 
																					"transform": [ 0.291854, -0.901753,  0.318847,  0.000000,  0.951645,  0.240354, -0.191318,  0.000000,  0.095885,  0.359266,  0.928296,  0.000000,  10.734261, -0.103798, -2.319176,  1.000000], 
																					"children": [
																						{
																							"id": "Bone055(mirrored)", 
																							"skeleton": false, 
																							"transform": [ 0.265479, -0.964101, -0.005503,  0.000000,  0.963724,  0.265529, -0.027017,  0.000000,  0.027508,  0.001870,  0.999620,  0.000000,  2.505424,  0.000008, -0.000006,  1.000000], 
																							"children": [
																								{
																									"id": "Bone056(mirrored)", 
																									"skeleton": false, 
																									"transform": [ 0.756049, -0.653871,  0.029024,  0.000000,  0.650120,  0.755364,  0.082277,  0.000000, -0.075722, -0.043336,  0.996187,  0.000000,  1.329685, -0.000046,  0.000000,  1.000000]
																								}
																							]
																						}
																					]
																				}, 
																				{
																					"id": "Bone045(mirrored)", 
																					"skeleton": false, 
																					"transform": [ 0.443448, -0.852578,  0.276521,  0.000000,  0.882741,  0.468896,  0.030091,  0.000000, -0.155315,  0.230753,  0.960536,  0.000000,  10.974373,  0.910042,  1.094826,  1.000000], 
																					"children": [
																						{
																							"id": "Bone046(mirrored)", 
																							"skeleton": false, 
																							"transform": [ 0.076867, -0.996673, -0.027106,  0.000000,  0.996916,  0.076398,  0.017918,  0.000000, -0.015787, -0.028399,  0.999472,  0.000000,  2.982254,  0.000004,  0.000008,  1.000000], 
																							"children": [
																								{
																									"id": "Bone047(mirrored)", 
																									"skeleton": false, 
																									"transform": [ 0.411359, -0.911390,  0.012369,  0.000000,  0.905693,  0.410238,  0.106888,  0.000000, -0.102491, -0.032767,  0.994194,  0.000000,  2.761444, -0.000061, -0.000015,  1.000000]
																								}
																							]
																						}
																					]
																				}, 
																				{
																					"id": "Bone041(mirrored)", 
																					"skeleton": false, 
																					"transform": [ 0.985703, -0.166779,  0.023943,  0.000000,  0.166369,  0.985896,  0.018226,  0.000000, -0.026645, -0.013982,  0.999547,  0.000000,  10.926697,  0.885033,  2.883003,  1.000000], 
																					"children": [
																						{
																							"id": "Bone042(mirrored)", 
																							"skeleton": false, 
																							"transform": [ 0.876482, -0.480778, -0.025135,  0.000000,  0.479579,  0.876493, -0.042005,  0.000000,  0.042226,  0.024763,  0.998801,  0.000000,  3.056175,  0.000004,  0.000023,  1.000000], 
																							"children": [
																								{
																									"id": "Bone043(mirrored)", 
																									"skeleton": false, 
																									"transform": [ 0.938936,  0.340145,  0.051979,  0.000000, -0.337292,  0.939701, -0.056541,  0.000000, -0.068076,  0.035557,  0.997046,  0.000000,  2.204208, -0.000042, -0.000027,  1.000000]
																								}
																							]
																						}
																					]
																				}, 
																				{
																					"id": "Bone_ball_1", 
																					"skeleton": false, 
																					"transform": [ 0.489179,  0.707632,  0.509864,  0.000000, -0.648643, -0.095637,  0.755061,  0.000000,  0.583066, -0.700079,  0.412216,  0.000000,  12.917679, -3.869186,  5.562153,  1.000000]
																				}
																			]
																		}
																	]
																}
															]
														}
													]
												}
											]
										}
									]
								}
							]
						}, 
						{
							"id": "Bone033", 
							"skeleton": false, 
							"transform": [-0.960431, -0.260488,  0.098585,  0.000000,  0.102126, -0.000057,  0.994771,  0.000000, -0.259120,  0.965477,  0.026657,  0.000000,  4.711227,  6.692244, -4.795177,  1.000000], 
							"children": [
								{
									"id": "Bone034", 
									"skeleton": false, 
									"transform": [ 1.000000,  0.000630, -0.000000,  0.000000, -0.000630,  1.000000,  0.000000,  0.000000,  0.000000, -0.000000,  1.000000,  0.000000,  41.646694,  0.000013, -0.000001,  1.000000], 
									"children": [
										{
											"id": "Bone035", 
											"skeleton": false, 
											"transform": [ 0.717037,  0.696276,  0.032506,  0.000000, -0.696645,  0.717416,  0.000013,  0.000000, -0.023311, -0.022655,  0.999472,  0.000000,  46.067123, -0.000001,  0.000005,  1.000000]
										}
									]
								}
							]
						}, 
						{
							"id": "Bone033(mirrored)", 
							"skeleton": false, 
							"transform": [-0.934954, -0.212315,  0.284223,  0.000000, -0.282187, -0.040490, -0.958504,  0.000000,  0.215013, -0.976362, -0.022056,  0.000000,  4.711235, -6.692238, -4.794494,  1.000000], 
							"children": [
								{
									"id": "Bone034(mirrored)", 
									"skeleton": false, 
									"transform": [ 0.936546,  0.350544, -0.000000,  0.000000, -0.350544,  0.936546,  0.000000,  0.000000,  0.000000,  0.000000,  1.000000,  0.000000,  41.646690, -0.000016, -0.000001,  1.000000], 
									"children": [
										{
											"id": "Bone035(mirrored)", 
											"skeleton": false, 
											"transform": [ 0.547995, -0.836476, -0.002988,  0.000000,  0.836480,  0.547998, -0.000214,  0.000000,  0.001816, -0.002382,  0.999995,  0.000000,  46.067120, -0.000000,  0.000007,  1.000000]
										}
									]
								}
							]
						}
					]
				}, 
				{
					"id": "Bone_R_eye", 
					"skeleton": false, 
					"transform": [-0.682082, -0.166249,  0.712128,  0.000000, -0.099241,  0.985849,  0.135096,  0.000000, -0.724510,  0.021474, -0.688929,  0.000000, -6.989613,  162.213394,  1.955698,  1.000000]
				}, 
				{
					"id": "Bone003", 
					"skeleton": false, 
					"transform": [-0.705011,  0.529158,  0.472177,  0.000000,  0.433099,  0.848465, -0.304191,  0.000000, -0.561591, -0.009959, -0.827355,  0.000000, -6.539874,  162.082397,  2.170649,  1.000000]
				}, 
				{
					"id": "Bone003(mirrored)", 
					"skeleton": false, 
					"transform": [ 0.043959,  0.413542,  0.909423,  0.000000,  0.998834, -0.000000, -0.048281,  0.000000, -0.019966,  0.910485, -0.413059,  0.000000, -1.827740,  162.226898,  4.374339,  1.000000]
				}, 
				{
					"id": "Bone_L_eye", 
					"skeleton": false, 
					"transform": [-0.402901, -0.156082,  0.901837,  0.000000,  0.082290, -0.987538, -0.134151,  0.000000,  0.911537,  0.020162,  0.410724,  0.000000, -1.382406,  162.385406,  4.577999,  1.000000]
				}, 
				{
					"id": "Bone015", 
					"skeleton": false, 
					"transform": [-0.726944, -0.529227,  0.437574,  0.000000, -0.353539,  0.834713,  0.422214,  0.000000, -0.588696,  0.152227, -0.793892,  0.000000, -6.427242,  162.388794,  1.909418,  1.000000]
				}, 
				{
					"id": "Bone015(mirrored)", 
					"skeleton": false, 
					"transform": [ 0.156036, -0.502077,  0.850630,  0.000000,  0.087171, -0.850819, -0.518178,  0.000000,  0.983897,  0.155004, -0.088992,  0.000000, -1.715095,  162.533295,  4.113108,  1.000000]
				}, 
				{
					"id": "bone_lip01", 
					"skeleton": false, 
					"transform": [-0.612294, -0.063299, -0.788092,  0.000000,  0.192677, -0.978683, -0.071090,  0.000000, -0.766792, -0.195375,  0.611439,  0.000000, -5.350305,  155.983994,  6.171244,  1.000000], 
					"children": [
						{
							"id": "bone_lip07", 
							"skeleton": false, 
							"transform": [ 0.955442,  0.023692, -0.294225,  0.000000, -0.089707,  0.972933, -0.212964,  0.000000,  0.281216,  0.229869,  0.931707,  0.000000,  1.596056,  0.000000,  0.000002,  1.000000]
						}
					]
				}, 
				{
					"id": "bone_lip05", 
					"skeleton": false, 
					"transform": [ 0.942153,  0.322334,  0.091905,  0.000000, -0.317458,  0.770160,  0.553239,  0.000000,  0.107546, -0.550413,  0.827937,  0.000000, -5.034713,  154.626205,  5.573434,  1.000000], 
					"children": [
						{
							"id": "bone_lip06", 
							"skeleton": false, 
							"transform": [ 0.955143,  0.129900, -0.266133,  0.000000, -0.194934,  0.952298, -0.234795,  0.000000,  0.222939,  0.276141,  0.934903,  0.000000,  1.508583, -0.000000,  0.000008,  1.000000]
						}
					]
				}, 
				{
					"id": "bone_lip03", 
					"skeleton": false, 
					"transform": [-0.652646,  0.294322, -0.698161,  0.000000, -0.059253, -0.938470, -0.340238,  0.000000, -0.755343, -0.180686,  0.629928,  0.000000, -5.034713,  154.626205,  5.573434,  1.000000], 
					"children": [
						{
							"id": "bone_lip02", 
							"skeleton": false, 
							"transform": [ 0.969740, -0.221476, -0.102729,  0.000000,  0.200643,  0.962706, -0.181490,  0.000000,  0.139093,  0.155386,  0.978012,  0.000000,  1.603378, -0.000000,  0.000000,  1.000000]
						}
					]
				}, 
				{
					"id": "bone_lip00", 
					"skeleton": false, 
					"transform": [ 0.998920, -0.030065, -0.035424,  0.000000, -0.035440, -0.000000, -0.999372,  0.000000,  0.030046,  0.999547, -0.001066,  0.000000, -5.350305,  155.983994,  6.171244,  1.000000], 
					"children": [
						{
							"id": "bone_lip04", 
							"skeleton": false, 
							"transform": [ 0.954414,  0.292451,  0.059711,  0.000000, -0.292459,  0.956238, -0.008797,  0.000000, -0.059671, -0.009067,  0.998177,  0.000000,  1.600216, -0.000000, -0.000031,  1.000000]
						}
					]
				}
			]
		}
	], 
	"animations": [
		{
			"id": "Take 001", 
			"length":  9.999998, 
			"bones": [
				{
					"boneId": "root", 
					"keyframes": [
						{
							"keytime":  0.000000, 
							"rotation": [ 0.000000,  0.000000, -0.000000,  1.000000], 
							"scale": [ 1.000000,  1.000000,  1.000000], 
							"translation": [ 0.000000,  0.000000,  0.000000]
						}, 
						{
							"keytime":  1.000000, 
							"rotation": [ 0.000000,  0.000000, -0.000000,  1.000000], 
							"scale": [ 1.000000,  1.000000,  1.000000], 
							"translation": [ 0.000000,  0.000000,  0.000000]
						}
					]
				}, 
				{
					"boneId": "Bone023", 
					"keyframes": [
						{
							"keytime":  0.000000, 
							"rotation": [ 0.034379, -0.042522,  0.627419,  0.776759], 
							"scale": [ 1.000000,  1.000000,  1.000000], 
							"translation": [-1.459585,  97.917183, -1.728717]
						}, 
						{
							"keytime":  0.003333, 
							"rotation": [ 0.034041, -0.042941,  0.627444,  0.776731], 
							"translation": [-1.462304,  97.917152, -1.729241]
						}, 
						{
							"keytime":  0.006667, 
							"rotation": [ 0.033724, -0.043334,  0.627480,  0.776694], 
							"translation": [-1.463456,  97.917084, -1.727669]
						}, 
						{
							"keytime":  0.010000, 
							"rotation": [ 0.033423, -0.043708,  0.627527,  0.776648], 
							"translation": [-1.463101,  97.916946, -1.724033]
						}, 
						{
							"keytime":  0.013333, 
							"rotation": [ 0.033156, -0.044038,  0.627582,  0.776597], 
							"translation": [-1.461354,  97.916809, -1.718685]
						}, 
						{
							"keytime":  0.016667, 
							"rotation": [ 0.032918, -0.044333,  0.627643,  0.776540], 
							"translation": [-1.458320,  97.916634, -1.711707]
						}, 
						{
							"keytime":  0.020000, 
							"rotation": [ 0.032711, -0.044591,  0.627711,  0.776479], 
							"translation": [-1.454097,  97.916397, -1.703253]
						}, 
						{
							"keytime":  0.023333, 
							"rotation": [ 0.032530, -0.044816,  0.627787,  0.776413], 
							"translation": [-1.448612,  97.916168, -1.693170]
						}, 
						{
							"keytime":  0.026667, 
							"rotation": [ 0.032387, -0.044994,  0.627864,  0.776346], 
							"translation": [-1.442299,  97.915901, -1.682210]
						}, 
						{
							"keytime":  0.030000, 
							"rotation": [ 0.032273, -0.045136,  0.627948,  0.776275], 
							"translation": [-1.434908,  97.915619, -1.669894]
						}, 
						{
							"keytime":  0.033333, 
							"rotation": [ 0.032193, -0.045237,  0.628030,  0.776206], 
							"translation": [-1.427006,  97.915314, -1.657118]
						}, 
						{
							"keytime":  0.036667, 
							"rotation": [ 0.032140, -0.045303,  0.628115,  0.776136], 
							"translation": [-1.418526,  97.915024, -1.643711]
						}, 
						{
							"keytime":  0.040000, 
							"rotation": [ 0.032112, -0.045339,  0.628201,  0.776065], 
							"translation": [-1.409342,  97.914703, -1.629428]
						}, 
						{
							"keytime":  0.043333, 
							"rotation": [ 0.032107, -0.045347,  0.628285,  0.775996], 
							"translation": [-1.400147,  97.914391, -1.615289]
						}, 
						{
							"keytime":  0.046667, 
							"rotation": [ 0.032126, -0.045324,  0.628367,  0.775930], 
							"translation": [-1.390761,  97.914078, -1.601037]
						}, 
						{
							"keytime":  0.050000, 
							"rotation": [ 0.032176, -0.045264,  0.628449,  0.775866], 
							"translation": [-1.380967,  97.913773, -1.586383]
						}, 
						{
							"keytime":  0.053333, 
							"rotation": [ 0.032252, -0.045171,  0.628524,  0.775808], 
							"translation": [-1.371482,  97.913467, -1.572362]
						}, 
						{
							"keytime":  0.056667, 
							"rotation": [ 0.032353, -0.045049,  0.628594,  0.775754], 
							"translation": [-1.362159,  97.913193, -1.558737]
						}, 
						{
							"keytime":  0.060000, 
							"rotation": [ 0.032479, -0.044893,  0.628659,  0.775704], 
							"translation": [-1.352871,  97.912933, -1.545276]
						}, 
						{
							"keytime":  0.063333, 
							"rotation": [ 0.032622, -0.044718,  0.628716,  0.775662], 
							"translation": [-1.344305,  97.912689, -1.532968]
						}, 
						{
							"keytime":  0.066667, 
							"rotation": [ 0.032783, -0.044521,  0.628765,  0.775627], 
							"translation": [-1.336321,  97.912483, -1.521569]
						}, 
						{
							"keytime":  0.070000, 
							"rotation": [ 0.032959, -0.044304,  0.628806,  0.775599], 
							"translation": [-1.329059,  97.912292, -1.511267]
						}, 
						{
							"keytime":  0.073333, 
							"rotation": [ 0.033154, -0.044065,  0.628837,  0.775579], 
							"translation": [-1.322480,  97.912140, -1.501972]
						}, 
						{
							"keytime":  0.076667, 
							"rotation": [ 0.033354, -0.043818,  0.628857,  0.775569], 
							"translation": [-1.317112,  97.912033, -1.494425]
						}, 
						{
							"keytime":  0.080000, 
							"rotation": [ 0.033563, -0.043561,  0.628865,  0.775568], 
							"translation": [-1.312886,  97.911957, -1.488497]
						}, 
						{
							"keytime":  0.083333, 
							"rotation": [ 0.033784, -0.043288,  0.628860,  0.775577], 
							"translation": [-1.309875,  97.911942, -1.484264]
						}, 
						{
							"keytime":  0.086667, 
							"rotation": [ 0.034003, -0.043019,  0.628842,  0.775597], 
							"translation": [-1.308361,  97.911957, -1.482162]
						}, 
						{
							"keytime":  0.090000, 
							"rotation": [ 0.034223, -0.042746,  0.628811,  0.775627], 
							"translation": [-1.308180,  97.912033, -1.482337]
						}, 
						{
							"keytime":  0.093333, 
							"rotation": [ 0.034450, -0.042466,  0.628768,  0.775668], 
							"translation": [-1.309287,  97.912140, -1.484959]
						}, 
						{
							"keytime":  0.096667, 
							"rotation": [ 0.034667, -0.042198,  0.628716,  0.775715], 
							"translation": [-1.311524,  97.912292, -1.489657]
						}, 
						{
							"keytime":  0.100000, 
							"rotation": [ 0.034879, -0.041935,  0.628655,  0.775769], 
							"translation": [-1.314809,  97.912483, -1.496288]
						}, 
						{
							"keytime":  0.103333, 
							"rotation": [ 0.035090, -0.041673,  0.628585,  0.775831], 
							"translation": [-1.319187,  97.912689, -1.504923]
						}, 
						{
							"keytime":  0.106667, 
							"rotation": [ 0.035285, -0.041431,  0.628509,  0.775896], 
							"translation": [-1.324311,  97.912933, -1.514857]
						}, 
						{
							"keytime":  0.110000, 
							"rotation": [ 0.035469, -0.041202,  0.628429,  0.775965], 
							"translation": [-1.330196,  97.913193, -1.526110]
						}, 
						{
							"keytime":  0.113333, 
							"rotation": [ 0.035644, -0.040984,  0.628342,  0.776039], 
							"translation": [-1.336959,  97.913467, -1.538882]
						}, 
						{
							"keytime":  0.116667, 
							"rotation": [ 0.035797, -0.040792,  0.628255,  0.776113], 
							"translation": [-1.344104,  97.913773, -1.552216]
						}, 
						{
							"keytime":  0.120000, 
							"rotation": [ 0.035937, -0.040617,  0.628163,  0.776190], 
							"translation": [-1.351964,  97.914078, -1.566699]
						}, 
						{
							"keytime":  0.123333, 
							"rotation": [ 0.036052, -0.040473,  0.628073,  0.776264], 
							"translation": [-1.359980,  97.914391, -1.581283]
						}, 
						{
							"keytime":  0.126667, 
							"rotation": [ 0.036144, -0.040356,  0.627984,  0.776338], 
							"translation": [-1.368285,  97.914703, -1.596175]
						}, 
						{
							"keytime":  0.130000, 
							"rotation": [ 0.036214, -0.040268,  0.627894,  0.776412], 
							"translation": [-1.377041,  97.915024, -1.611644]
						}, 
						{
							"keytime":  0.133333, 
							"rotation": [ 0.036254, -0.040216,  0.627811,  0.776481], 
							"translation": [-1.385639,  97.915314, -1.626563]
						}, 
						{
							"keytime":  0.136667, 
							"rotation": [ 0.036265, -0.040199,  0.627731,  0.776545], 
							"translation": [-1.394236,  97.915619, -1.641198]
						}, 
						{
							"keytime":  0.140000, 
							"rotation": [ 0.036220, -0.040253,  0.627656,  0.776605], 
							"translation": [-1.403253,  97.915901, -1.655879]
						}, 
						{
							"keytime":  0.143333, 
							"rotation": [ 0.036111, -0.040386,  0.627592,  0.776655], 
							"translation": [-1.412125,  97.916168, -1.669570]
						}, 
						{
							"keytime":  0.146667, 
							"rotation": [ 0.035955, -0.040577,  0.627537,  0.776697], 
							"translation": [-1.420833,  97.916397, -1.682418]
						}, 
						{
							"keytime":  0.150000, 
							"rotation": [ 0.035756, -0.040821,  0.627489,  0.776732], 
							"translation": [-1.429400,  97.916634, -1.694515]
						}, 
						{
							"keytime":  0.153333, 
							"rotation": [ 0.035532, -0.041097,  0.627452,  0.776757], 
							"translation": [-1.437138,  97.916809, -1.704908]
						}, 
						{
							"keytime":  0.156667, 
							"rotation": [ 0.035282, -0.041406,  0.627426,  0.776774], 
							"translation": [-1.444144,  97.916946, -1.713733]
						}, 
						{
							"keytime":  0.160000, 
							"rotation": [ 0.035000, -0.041754,  0.627411,  0.776780], 
							"translation": [-1.450446,  97.917084, -1.720950]
						}, 
						{
							"keytime":  0.163333, 
							"rotation": [ 0.034705, -0.042119,  0.627408,  0.776776], 
							"translation": [-1.455539,  97.917152, -1.725924]
						}, 
						{
							"keytime":  0.166667, 
							"rotation": [ 0.034386, -0.042514,  0.627419,  0.776760], 
							"translation": [-1.459517,  97.917183, -1.728684]
						}, 
						{
							"keytime":  0.170000, 
							"rotation": [ 0.034038, -0.042945,  0.627445,  0.776731], 
							"translation": [-1.462324,  97.917152, -1.729236]
						}, 
						{
							"keytime":  0.173333, 
							"rotation": [ 0.033721, -0.043337,  0.627481,  0.776694], 
							"translation": [-1.463460,  97.917084, -1.727644]
						}, 
						{
							"keytime":  0.176667, 
							"rotation": [ 0.033428, -0.043701,  0.627526,  0.776649], 
							"translation": [-1.463122,  97.916946, -1.724123]
						}, 
						{
							"keytime":  0.180000, 
							"rotation": [ 0.033154, -0.044041,  0.627582,  0.776596], 
							"translation": [-1.461330,  97.916809, -1.718623]
						}, 
						{
							"keytime":  0.183333, 
							"rotation": [ 0.032916, -0.044336,  0.627644,  0.776540], 
							"translation": [-1.458283,  97.916634, -1.711629]
						}, 
						{
							"keytime":  0.186667, 
							"rotation": [ 0.032709, -0.044593,  0.627712,  0.776479], 
							"translation": [-1.454049,  97.916397, -1.703161]
						}, 
						{
							"keytime":  0.190000, 
							"rotation": [ 0.032528, -0.044818,  0.627788,  0.776412], 
							"translation": [-1.448553,  97.916168, -1.693065]
						}, 
						{
							"keytime":  0.193333, 
							"rotation": [ 0.032386, -0.044996,  0.627865,  0.776345], 
							"translation": [-1.442231,  97.915901, -1.682095]
						}, 
						{
							"keytime":  0.196667, 
							"rotation": [ 0.032275, -0.045134,  0.627946,  0.776277], 
							"translation": [-1.435060,  97.915619, -1.670144]
						}, 
						{
							"keytime":  0.200000, 
							"rotation": [ 0.032192, -0.045238,  0.628031,  0.776205], 
							"translation": [-1.426923,  97.915314, -1.656986]
						}, 
						{
							"keytime":  0.203333, 
							"rotation": [ 0.032140, -0.045303,  0.628115,  0.776135], 
							"translation": [-1.418438,  97.915024, -1.643574]
						}, 
						{
							"keytime":  0.206667, 
							"rotation": [ 0.032113, -0.045338,  0.628200,  0.776066], 
							"translation": [-1.409525,  97.914703, -1.629711]
						}, 
						{
							"keytime":  0.210000, 
							"rotation": [ 0.032107, -0.045347,  0.628286,  0.775996], 
							"translation": [-1.400053,  97.914391, -1.615146]
						}, 
						{
							"keytime":  0.213333, 
							"rotation": [ 0.032127, -0.045324,  0.628368,  0.775930], 
							"translation": [-1.390666,  97.914078, -1.600893]
						}, 
						{
							"keytime":  0.216667, 
							"rotation": [ 0.032175, -0.045265,  0.628447,  0.775867], 
							"translation": [-1.381159,  97.913773, -1.586668]
						}, 
						{
							"keytime":  0.220000, 
							"rotation": [ 0.032253, -0.045170,  0.628524,  0.775807], 
							"translation": [-1.371387,  97.913467, -1.572223]
						}, 
						{
							"keytime":  0.223333, 
							"rotation": [ 0.032354, -0.045047,  0.628594,  0.775753], 
							"translation": [-1.362067,  97.913193, -1.558602]
						}, 
						{
							"keytime":  0.226667, 
							"rotation": [ 0.032477, -0.044897,  0.628658,  0.775705], 
							"translation": [-1.353049,  97.912933, -1.545532]
						}, 
						{
							"keytime":  0.230000, 
							"rotation": [ 0.032624, -0.044716,  0.628717,  0.775662], 
							"translation": [-1.344221,  97.912689, -1.532848]
						}, 
						{
							"keytime":  0.233333, 
							"rotation": [ 0.032785, -0.044519,  0.628766,  0.775627], 
							"translation": [-1.336244,  97.912483, -1.521459]
						}, 
						{
							"keytime":  0.236667, 
							"rotation": [ 0.032961, -0.044302,  0.628806,  0.775599], 
							"translation": [-1.328990,  97.912292, -1.511169]
						}, 
						{
							"keytime":  0.240000, 
							"rotation": [ 0.033156, -0.044062,  0.628837,  0.775579], 
							"translation": [-1.322421,  97.912140, -1.501888]
						}, 
						{
							"keytime":  0.243333, 
							"rotation": [ 0.033356, -0.043816,  0.628857,  0.775569], 
							"translation": [-1.317063,  97.912033, -1.494357]
						}, 
						{
							"keytime":  0.246667, 
							"rotation": [ 0.033565, -0.043559,  0.628865,  0.775568], 
							"translation": [-1.312850,  97.911957, -1.488446]
						}, 
						{
							"keytime":  0.250000, 
							"rotation": [ 0.033786, -0.043286,  0.628860,  0.775577], 
							"translation": [-1.309853,  97.911942, -1.484233]
						}, 
						{
							"keytime":  0.253333, 
							"rotation": [ 0.034005, -0.043016,  0.628841,  0.775598], 
							"translation": [-1.308352,  97.911957, -1.482152]
						}, 
						{
							"keytime":  0.256667, 
							"rotation": [ 0.034226, -0.042744,  0.628811,  0.775628], 
							"translation": [-1.308185,  97.912033, -1.482351]
						}, 
						{
							"keytime":  0.260000, 
							"rotation": [ 0.034445, -0.042472,  0.628769,  0.775667], 
							"translation": [-1.309254,  97.912140, -1.484886]
						}, 
						{
							"keytime":  0.263333, 
							"rotation": [ 0.034669, -0.042195,  0.628716,  0.775715], 
							"translation": [-1.311552,  97.912292, -1.489714]
						}, 
						{
							"keytime":  0.266667, 
							"rotation": [ 0.034881, -0.041932,  0.628655,  0.775769], 
							"translation": [-1.314847,  97.912483, -1.496364]
						}, 
						{
							"keytime":  0.270000, 
							"rotation": [ 0.035086, -0.041678,  0.628586,  0.775829], 
							"translation": [-1.319093,  97.912689, -1.504738]
						}, 
						{
							"keytime":  0.273333, 
							"rotation": [ 0.035287, -0.041428,  0.628509,  0.775897], 
							"translation": [-1.324366,  97.912933, -1.514964]
						}, 
						{
							"keytime":  0.276667, 
							"rotation": [ 0.035470, -0.041200,  0.628428,  0.775965], 
							"translation": [-1.330259,  97.913193, -1.526230]
						}, 
						{
							"keytime":  0.280000, 
							"rotation": [ 0.035640, -0.040988,  0.628344,  0.776037], 
							"translation": [-1.336820,  97.913467, -1.538622]
						}, 
						{
							"keytime":  0.283333, 
							"rotation": [ 0.035799, -0.040790,  0.628254,  0.776113], 
							"translation": [-1.344178,  97.913773, -1.552355]
						}, 
						{
							"keytime":  0.286667, 
							"rotation": [ 0.035934, -0.040620,  0.628164,  0.776188], 
							"translation": [-1.351806,  97.914078, -1.566410]
						}, 
						{
							"keytime":  0.290000, 
							"rotation": [ 0.036050, -0.040476,  0.628075,  0.776263], 
							"translation": [-1.359816,  97.914391, -1.580985]
