{
	"version": "0.7", 
	"id": "", 
	"meshes": [], 
	"materials": [], 
	"nodes": [
		{
			"id": "root", 
			"skeleton": false, 
			"transform": [ 1.000000, -0.000000, -0.000000,  0.000000,  0.000000,  1.000000,  0.000000,  0.000000,  0.000000, -0.000000,  1.000000,  0.000000,  0.000000,  0.000000,  0.000000,  1.000000], 
			"children": [
				{
					"id": "Bone023", 
					"skeleton": false, 
					"transform": [ 0.209074,  0.971784,  0.109199,  0.000000, -0.977631,  0.210326,  0.000051,  0.000000, -0.022918, -0.106767,  0.994020,  0.000000, -1.459585,  97.917175, -1.728717,  1.000000], 
					"children": [
						{
							"id": "Bone032", 
							"skeleton": false, 
							"transform": [ 0.991722,  0.127551, -0.014769,  0.000000, -0.128077,  0.990833, -0.042971,  0.000000,  0.009153,  0.044507,  0.998967,  0.000000,  12.069244,  0.000000, -0.000008,  1.000000], 
							"children": [
								{
									"id": "Bone026", 
									"skeleton": false, 
									"transform": [ 0.961486,  0.178670, -0.208857,  0.000000, -0.191453,  0.980581, -0.042510,  0.000000,  0.197206,  0.080859,  0.977022,  0.000000,  12.077492,  0.000006,  0.000014,  1.000000], 
									"children": [
										{
											"id": "Bone025", 
											"skeleton": false, 
											"transform": [ 0.988594,  0.019371, -0.149354,  0.000000, -0.012297,  0.998765,  0.048142,  0.000000,  0.150103, -0.045757,  0.987611,  0.000000,  12.780777,  0.000119, -0.000016,  1.000000], 
											"children": [
												{
													"id": "Bone024", 
													"skeleton": false, 
													"transform": [ 0.804895,  0.020307,  0.593069,  0.000000,  0.093798,  0.982497, -0.160940,  0.000000, -0.585957,  0.185169,  0.788902,  0.000000,  14.347260,  0.000310,  0.000034,  1.000000], 
													"children": [
														{
															"id": "Bone_head", 
															"skeleton": false, 
															"transform": [ 0.998886,  0.038644, -0.027088,  0.000000, -0.019453, -0.185794, -0.982396,  0.000000, -0.042997,  0.981828, -0.184836,  0.000000,  5.685593, -0.000012,  0.000004,  1.000000], 
															"children": [
																{
																	"id": "Bone_nose", 
																	"skeleton": false, 
																	"transform": [ 0.015182, -0.999885,  0.000029,  0.000000, -0.029574, -0.000478, -0.999563,  0.000000,  0.999447,  0.015174, -0.029578,  0.000000,  8.492447, -3.452770,  0.000085,  1.000000]
																}, 
																{
																	"id": "Bone_jaw", 
																	"skeleton": false, 
																	"transform": [-0.559190, -0.829039, -0.000014,  0.000000, -0.040008,  0.027002, -0.998834,  0.000000,  0.828074, -0.558538, -0.048267,  0.000000,  4.732376, -3.238922,  0.000130,  1.000000]
																}
															]
														}
													]
												}, 
												{
													"id": "Bone027", 
													"skeleton": false, 
													"transform": [ 0.326966,  0.944981, -0.010147,  0.000000, -0.760445,  0.256711, -0.596509,  0.000000, -0.561085,  0.202755,  0.802542,  0.000000,  5.798386,  3.431182, -5.144135,  1.000000], 
													"children": [
														{
															"id": "Bone028", 
															"skeleton": false, 
															"transform": [ 0.013743,  0.910398, -0.413505,  0.000000, -0.881638, -0.184065, -0.434551,  0.000000, -0.471727,  0.370534,  0.800112,  0.000000,  10.335972,  0.000015, -0.000008,  1.000000], 
															"children": [
																{
																	"id": "Bone029", 
																	"skeleton": false, 
																	"transform": [ 0.122302, -0.009793,  0.992445,  0.000000,  0.532589,  0.844432, -0.057300,  0.000000, -0.837491,  0.535573,  0.108491,  0.000000,  23.257843,  0.000000, -0.000008,  1.000000], 
																	"children": [
																		{
																			"id": "Bone030", 
																			"skeleton": false, 
																			"transform": [ 0.269430,  0.809591, -0.521508,  0.000000, -0.961082,  0.260387, -0.092304,  0.000000,  0.061065,  0.526081,  0.848239,  0.000000,  21.830490, -0.000013,  0.000011,  1.000000], 
																			"children": [
																				{
																					"id": "Bone031", 
																					"skeleton": false, 
																					"transform": [ 1.000000,  0.000000,  0.000000,  0.000000, -0.000000,  1.000000,  0.000000,  0.000000, -0.000000, -0.000000,  1.000000,  0.000000,  10.322968,  0.000000,  0.000000,  1.000000]
																				}, 
																				{
																					"id": "Bone037", 
																					"skeleton": false, 
																					"transform": [ 0.749082,  0.138655,  0.647805,  0.000000, -0.332177,  0.924656,  0.186198,  0.000000, -0.573180, -0.354663,  0.738701,  0.000000,  5.428749,  1.608055,  3.109499,  1.000000], 
																					"children": [
																						{
																							"id": "Bone038", 
																							"skeleton": false, 
																							"transform": [ 0.802186, -0.073031, -0.592591,  0.000000,  0.157385,  0.983254,  0.091874,  0.000000,  0.575958, -0.166965,  0.800247,  0.000000,  3.639519, -0.000008,  0.000002,  1.000000], 
																							"children": [
																								{
																									"id": "Bone039", 
																									"skeleton": false, 
																									"transform": [ 0.741847, -0.034576, -0.669677,  0.000000, -0.003491,  0.998457, -0.055417,  0.000000,  0.670560,  0.043449,  0.740582,  0.000000,  2.830399,  0.000008,  0.000001,  1.000000]
																								}
																							]
																						}
																					]
																				}, 
																				{
																					"id": "Bone041", 
																					"skeleton": false, 
																					"transform": [ 0.949018,  0.314527,  0.020899,  0.000000, -0.314093,  0.949145, -0.021650,  0.000000, -0.026645,  0.013982,  0.999547,  0.000000,  10.926697, -0.885048,  2.882990,  1.000000], 
																					"children": [
																						{
																							"id": "Bone042", 
																							"skeleton": false, 
																							"transform": [ 0.602263,  0.798284, -0.004667,  0.000000, -0.797539,  0.601936,  0.040050,  0.000000,  0.034781, -0.020398,  0.999187,  0.000000,  3.056160,  0.000000,  0.000004,  1.000000], 
																							"children": [
																								{
																									"id": "Bone043", 
																									"skeleton": false, 
																									"transform": [ 0.937452,  0.344294,  0.051431,  0.000000, -0.344921,  0.938625,  0.003582,  0.000000, -0.047041, -0.021098,  0.998670,  0.000000,  2.204185,  0.000023,  0.000000,  1.000000]
																								}
																							]
																						}
																					]
																				}, 
																				{
																					"id": "Bone045", 
																					"skeleton": false, 
																					"transform": [ 0.916092,  0.400526,  0.018818,  0.000000, -0.400081,  0.916179, -0.023481,  0.000000, -0.026646,  0.013982,  0.999547,  0.000000,  10.974373, -0.910049,  1.094803,  1.000000], 
																					"children": [
																						{
																							"id": "Bone046", 
																							"skeleton": false, 
																							"transform": [ 0.673682,  0.738366,  0.031131,  0.000000, -0.737437,  0.668883,  0.093719,  0.000000,  0.048376, -0.086094,  0.995112,  0.000000,  2.982290,  0.000000, -0.000002,  1.000000], 
																							"children": [
																								{
																									"id": "Bone047", 
																									"skeleton": false, 
																									"transform": [ 0.889739,  0.456418,  0.006838,  0.000000, -0.454093,  0.886536, -0.088614,  0.000000, -0.046507,  0.075738,  0.996043,  0.000000,  2.761444,  0.000031,  0.000004,  1.000000]
																								}
																							]
																						}
																					]
																				}, 
																				{
																					"id": "Bone049", 
																					"skeleton": false, 
																					"transform": [ 0.838388,  0.544079, -0.032933,  0.000000, -0.504579,  0.797536,  0.330659,  0.000000,  0.206170, -0.260603,  0.943176,  0.000000,  11.054501, -0.527267, -0.595619,  1.000000], 
																					"children": [
																						{
																							"id": "Bone050", 
																							"skeleton": false, 
																							"transform": [ 0.652100,  0.755448,  0.063749,  0.000000, -0.757913,  0.647576,  0.078832,  0.000000,  0.018271, -0.099722,  0.994848,  0.000000,  2.495884,  0.000000, -0.000000,  1.000000], 
																							"children": [
																								{
																									"id": "Bone051", 
																									"skeleton": false, 
																									"transform": [ 0.982541,  0.182483, -0.036229,  0.000000, -0.185241,  0.977646, -0.099466,  0.000000,  0.017268,  0.104441,  0.994381,  0.000000,  2.137535,  0.000023,  0.000000,  1.000000]
																								}
																							]
																						}
																					]
																				}, 
																				{
																					"id": "Bone054", 
																					"skeleton": false, 
																					"transform": [ 0.882444,  0.470241, -0.012867,  0.000000, -0.414719,  0.790580,  0.450545,  0.000000,  0.222037, -0.392244,  0.892661,  0.000000,  10.734268,  0.103790, -2.319204,  1.000000], 
																					"children": [
																						{
																							"id": "Bone055", 
																							"skeleton": false, 
																							"transform": [ 0.637128,  0.768395, -0.060309,  0.000000, -0.763931,  0.639939,  0.082988,  0.000000,  0.102362, -0.006802,  0.994724,  0.000000,  2.505426,  0.000000,  0.000002,  1.000000], 
																							"children": [
																								{
																									"id": "Bone056", 
																									"skeleton": false, 
																									"transform": [ 0.958890,  0.283297, -0.016528,  0.000000, -0.283396,  0.958995, -0.003888,  0.000000,  0.014749,  0.008412,  0.999856,  0.000000,  1.329674,  0.000015,  0.000000,  1.000000]
																								}
																							]
																						}
																					]
																				}
																			]
																		}
																	]
																}
															]
														}
													]
												}, 
												{
													"id": "Bone027(mirrored)", 
													"skeleton": false, 
													"transform": [ 0.358282, -0.925777,  0.120712,  0.000000,  0.890699,  0.377693,  0.252988,  0.000000, -0.279803,  0.016877,  0.959909,  0.000000,  5.798218, -3.432467, -5.143875,  1.000000], 
													"children": [
														{
															"id": "Bone028(mirrored)", 
															"skeleton": false, 
															"transform": [-0.183943, -0.926204,  0.329108,  0.000000,  0.831179, -0.325295, -0.450915,  0.000000,  0.524696,  0.190605,  0.829677,  0.000000,  10.335960, -0.000015,  0.000002,  1.000000], 
															"children": [
																{
																	"id": "Bone029(mirrored)", 
																	"skeleton": false, 
																	"transform": [-0.314791, -0.024089,  0.948855,  0.000000, -0.509311,  0.847858, -0.147443,  0.000000, -0.800942, -0.529677, -0.279167,  0.000000,  23.257851,  0.000000,  0.000011,  1.000000], 
																	"children": [
																		{
																			"id": "Bone030(mirrored)", 
																			"skeleton": false, 
																			"transform": [ 0.930861,  0.167846, -0.324538,  0.000000, -0.331542,  0.014739, -0.943325,  0.000000, -0.153550,  0.985703,  0.069368,  0.000000,  21.830490,  0.000031,  0.000011,  1.000000], 
																			"children": [
																				{
																					"id": "Bone031(mirrored)", 
																					"skeleton": false, 
																					"transform": [ 1.000000,  0.000001,  0.000000,  0.000000, -0.000001,  1.000000, -0.000000,  0.000000, -0.000000,  0.000000,  1.000000,  0.000000,  10.322983, -0.000008,  0.000015,  1.000000]
																				}, 
																				{
																					"id": "Bone037(mirrored)", 
																					"skeleton": false, 
																					"transform": [ 0.649956, -0.358519,  0.670090,  0.000000,  0.588563,  0.795272, -0.145384,  0.000000, -0.480780,  0.488883,  0.727903,  0.000000,  5.428757, -1.608063,  3.109497,  1.000000], 
																					"children": [
																						{
																							"id": "Bone038(mirrored)", 
																							"skeleton": false, 
																							"transform": [ 0.988469, -0.146772, -0.037238,  0.000000,  0.142046,  0.983977, -0.107758,  0.000000,  0.052457,  0.101226,  0.993479,  0.000000,  3.639511,  0.000008,  0.000008,  1.000000], 
																							"children": [
																								{
																									"id": "Bone039(mirrored)", 
																									"skeleton": false, 
																									"transform": [ 0.967984,  0.239647,  0.074670,  0.000000, -0.241365,  0.970322,  0.014769,  0.000000, -0.068915, -0.032319,  0.997099,  0.000000,  2.830399, -0.000010,  0.000011,  1.000000]
																								}
																							]
																						}
																					]
																				}, 
																				{
																					"id": "Bone049(mirrored)", 
																					"skeleton": false, 
																					"transform": [ 0.411556, -0.896483,  0.164132,  0.000000,  0.905051,  0.380819, -0.189364,  0.000000,  0.107257,  0.226482,  0.968092,  0.000000,  11.054504,  0.527260, -0.595612,  1.000000], 
																					"children": [
																						{
																							"id": "Bone050(mirrored)", 
																							"skeleton": false, 
																							"transform": [ 0.110572, -0.993837,  0.007850,  0.000000,  0.993867,  0.110556, -0.002337,  0.000000,  0.001455,  0.008060,  0.999966,  0.000000,  2.495895, -0.000008,  0.000011,  1.000000], 
																							"children": [
																								{
																									"id": "Bone051(mirrored)", 
																									"skeleton": false, 
																									"transform": [ 0.704223, -0.709978, -0.001142,  0.000000,  0.705718,  0.699821,  0.110511,  0.000000, -0.077661, -0.078630,  0.993874,  0.000000,  2.137531, -0.000031, -0.000008,  1.000000]
																								}
																							]
																						}
																					]
																				}, 
																				{
																					"id": "Bone054(mirrored)", 
																					"skeleton": false, 
																					"transform": [ 0.291854, -0.901752,  0.318847,  0.000000,  0.951645,  0.240354, -0.191318,  0.000000,  0.095885,  0.359266,  0.928296,  0.000000,  10.734283, -0.103790, -2.319187,  1.000000], 
																					"children": [
																						{
																							"id": "Bone055(mirrored)", 
																							"skeleton": false, 
																							"transform": [ 0.265479, -0.964101, -0.005503,  0.000000,  0.963724,  0.265529, -0.027017,  0.000000,  0.027508,  0.001870,  0.999620,  0.000000,  2.505417,  0.000008, -0.000015,  1.000000], 
																							"children": [
																								{
																									"id": "Bone056(mirrored)", 
																									"skeleton": false, 
																									"transform": [ 0.756049, -0.653871,  0.029024,  0.000000,  0.650120,  0.755364,  0.082276,  0.000000, -0.075722, -0.043336,  0.996187,  0.000000,  1.329685, -0.000015,  0.000004,  1.000000]
																								}
																							]
																						}
																					]
																				}, 
																				{
																					"id": "Bone045(mirrored)", 
																					"skeleton": false, 
																					"transform": [ 0.443448, -0.852578,  0.276521,  0.000000,  0.882741,  0.468896,  0.030091,  0.000000, -0.155315,  0.230753,  0.960536,  0.000000,  10.974373,  0.910034,  1.094814,  1.000000], 
																					"children": [
																						{
																							"id": "Bone046(mirrored)", 
																							"skeleton": false, 
																							"transform": [ 0.076867, -0.996673, -0.027106,  0.000000,  0.996916,  0.076398,  0.017918,  0.000000, -0.015787, -0.028399,  0.999472,  0.000000,  2.982285,  0.000008,  0.000008,  1.000000], 
																							"children": [
																								{
																									"id": "Bone047(mirrored)", 
																									"skeleton": false, 
																									"transform": [ 0.411359, -0.911390,  0.012369,  0.000000,  0.905693,  0.410238,  0.106888,  0.000000, -0.102491, -0.032767,  0.994194,  0.000000,  2.761444, -0.000031, -0.000008,  1.000000]
																								}
																							]
																						}
																					]
																				}, 
																				{
																					"id": "Bone041(mirrored)", 
																					"skeleton": false, 
																					"transform": [ 0.985703, -0.166779,  0.023943,  0.000000,  0.166369,  0.985895,  0.018226,  0.000000, -0.026645, -0.013982,  0.999547,  0.000000,  10.926720,  0.885040,  2.882996,  1.000000], 
																					"children": [
																						{
																							"id": "Bone042(mirrored)", 
																							"skeleton": false, 
																							"transform": [ 0.876482, -0.480778, -0.025135,  0.000000,  0.479579,  0.876493, -0.042005,  0.000000,  0.042226,  0.024763,  0.998801,  0.000000,  3.056160,  0.000000,  0.000015,  1.000000], 
																							"children": [
																								{
																									"id": "Bone043(mirrored)", 
																									"skeleton": false, 
																									"transform": [ 0.938936,  0.340145,  0.051979,  0.000000, -0.337292,  0.939701, -0.056541,  0.000000, -0.068076,  0.035557,  0.997046,  0.000000,  2.204178, -0.000038, -0.000023,  1.000000]
																								}
																							]
																						}
																					]
																				}, 
																				{
																					"id": "Bone_ball_1", 
																					"skeleton": false, 
																					"transform": [ 0.489179,  0.707632,  0.509865,  0.000000, -0.648643, -0.095637,  0.755061,  0.000000,  0.583066, -0.700079,  0.412216,  0.000000,  12.917709, -3.869171,  5.562141,  1.000000]
																				}
																			]
																		}
																	]
																}
															]
														}
													]
												}
											]
										}
									]
								}
							]
						}, 
						{
							"id": "Bone033", 
							"skeleton": false, 
							"transform": [-0.960431, -0.260487,  0.098585,  0.000000,  0.102126, -0.000057,  0.994771,  0.000000, -0.259120,  0.965477,  0.026657,  0.000000,  4.711235,  6.692244, -4.795177,  1.000000], 
							"children": [
								{
									"id": "Bone034", 
									"skeleton": false, 
									"transform": [ 1.000000,  0.000630, -0.000000,  0.000000, -0.000630,  1.000000,  0.000000,  0.000000,  0.000000, -0.000000,  1.000000,  0.000000,  41.646683,  0.000012, -0.000000,  1.000000], 
									"children": [
										{
											"id": "Bone035", 
											"skeleton": false, 
											"transform": [ 0.717038,  0.696276,  0.032506,  0.000000, -0.696645,  0.717417,  0.000013,  0.000000, -0.023311, -0.022655,  0.999472,  0.000000,  46.067123, -0.000002,  0.000005,  1.000000]
										}
									]
								}
							]
						}, 
						{
							"id": "Bone033(mirrored)", 
							"skeleton": false, 
							"transform": [-0.934954, -0.212315,  0.284223,  0.000000, -0.282187, -0.040490, -0.958505,  0.000000,  0.215013, -0.976362, -0.022056,  0.000000,  4.711227, -6.692239, -4.794495,  1.000000], 
							"children": [
								{
									"id": "Bone034(mirrored)", 
									"skeleton": false, 
									"transform": [ 0.936546,  0.350544, -0.000000,  0.000000, -0.350544,  0.936546,  0.000000,  0.000000,  0.000000,  0.000000,  1.000000,  0.000000,  41.646690, -0.000014, -0.000001,  1.000000], 
									"children": [
										{
											"id": "Bone035(mirrored)", 
											"skeleton": false, 
											"transform": [ 0.547995, -0.836476, -0.002988,  0.000000,  0.836480,  0.547998, -0.000214,  0.000000,  0.001816, -0.002382,  0.999995,  0.000000,  46.067127,  0.000001,  0.000007,  1.000000]
										}
									]
								}
							]
						}
					]
				}, 
				{
					"id": "Bone_R_eye", 
					"skeleton": false, 
					"transform": [-0.682081, -0.166249,  0.712129,  0.000000, -0.099242,  0.985849,  0.135096,  0.000000, -0.724512,  0.021474, -0.688928,  0.000000, -6.989613,  162.213379,  1.955698,  1.000000]
				}, 
				{
					"id": "Bone003", 
					"skeleton": false, 
					"transform": [-0.705011,  0.529157,  0.472177,  0.000000,  0.433099,  0.848465, -0.304191,  0.000000, -0.561591, -0.009959, -0.827355,  0.000000, -6.539874,  162.082382,  2.170649,  1.000000]
				}, 
				{
					"id": "Bone003(mirrored)", 
					"skeleton": false, 
					"transform": [ 0.043959,  0.413542,  0.909423,  0.000000,  0.998834, -0.000000, -0.048281,  0.000000, -0.019966,  0.910485, -0.413060,  0.000000, -1.827740,  162.226944,  4.374339,  1.000000]
				}, 
				{
					"id": "Bone_L_eye", 
					"skeleton": false, 
					"transform": [-0.402900, -0.156083,  0.901837,  0.000000,  0.082291, -0.987538, -0.134151,  0.000000,  0.911537,  0.020164,  0.410723,  0.000000, -1.382406,  162.385406,  4.577999,  1.000000]
				}, 
				{
					"id": "Bone015", 
					"skeleton": false, 
					"transform": [-0.726944, -0.529227,  0.437574,  0.000000, -0.353539,  0.834713,  0.422214,  0.000000, -0.588696,  0.152227, -0.793892,  0.000000, -6.427242,  162.388763,  1.909418,  1.000000]
				}, 
				{
					"id": "Bone015(mirrored)", 
					"skeleton": false, 
					"transform": [ 0.156035, -0.502077,  0.850630,  0.000000,  0.087171, -0.850819, -0.518178,  0.000000,  0.983897,  0.155004, -0.088992,  0.000000, -1.715095,  162.533325,  4.113108,  1.000000]
				}, 
				{
					"id": "bone_lip01", 
					"skeleton": false, 
					"transform": [-0.612294, -0.063299, -0.788092,  0.000000,  0.192677, -0.978683, -0.071090,  0.000000, -0.766793, -0.195375,  0.611439,  0.000000, -5.350305,  155.984024,  6.171244,  1.000000], 
					"children": [
						{
							"id": "bone_lip07", 
							"skeleton": false, 
							"transform": [ 0.955442,  0.023692, -0.294225,  0.000000, -0.089707,  0.972933, -0.212964,  0.000000,  0.281216,  0.229869,  0.931707,  0.000000,  1.596055,  0.000000,  0.000000,  1.000000]
						}
					]
				}, 
				{
					"id": "bone_lip05", 
					"skeleton": false, 
					"transform": [ 0.942153,  0.322334,  0.091905,  0.000000, -0.317458,  0.770160,  0.553239,  0.000000,  0.107546, -0.550413,  0.827937,  0.000000, -5.034713,  154.626160,  5.573434,  1.000000], 
					"children": [
						{
							"id": "bone_lip06", 
							"skeleton": false, 
							"transform": [ 0.955143,  0.129900, -0.266133,  0.000000, -0.194934,  0.952298, -0.234795,  0.000000,  0.222939,  0.276141,  0.934904,  0.000000,  1.508583,  0.000000,  0.000008,  1.000000]
						}
					]
				}, 
				{
					"id": "bone_lip03", 
					"skeleton": false, 
					"transform": [-0.652646,  0.294322, -0.698161,  0.000000, -0.059253, -0.938470, -0.340238,  0.000000, -0.755343, -0.180686,  0.629928,  0.000000, -5.034713,  154.626160,  5.573434,  1.000000], 
					"children": [
						{
							"id": "bone_lip02", 
							"skeleton": false, 
							"transform": [ 0.969740, -0.221476, -0.102729,  0.000000,  0.200644,  0.962706, -0.181490,  0.000000,  0.139093,  0.155386,  0.978012,  0.000000,  1.603374,  0.000000,  0.000000,  1.000000]
						}
					]
				}, 
				{
					"id": "bone_lip00", 
					"skeleton": false, 
					"transform": [ 0.998920, -0.030065, -0.035424,  0.000000, -0.035440, -0.000000, -0.999372,  0.000000,  0.030046,  0.999547, -0.001066,  0.000000, -5.350305,  155.984024,  6.171244,  1.000000], 
					"children": [
						{
							"id": "bone_lip04", 
							"skeleton": false, 
							"transform": [ 0.954414,  0.292451,  0.059711,  0.000000, -0.292459,  0.956238, -0.008797,  0.000000, -0.059671, -0.009067,  0.998177,  0.000000,  1.600217, -0.000000, -0.000031,  1.000000]
						}
					]
				}
			]
		}
	], 
	"animations": [
		{
			"id": "Take 001", 
			"length":  3.999996, 
			"bones": [
				{
					"boneId": "Bone_nose", 
					"keyframes": [
						{
							"keytime":  0.000000, 
							"rotation": [ 0.511184, -0.503467,  0.488804, -0.496268], 
							"scale": [ 1.000000,  1.000000,  1.000000], 
							"translation": [ 8.492462, -3.452766,  0.000084]
						}, 
						{
							"keytime":  0.008333, 
							"rotation": [ 0.513525, -0.505773,  0.486418, -0.493844], 
							"translation": [ 8.492447, -3.452766,  0.000084]
						}, 
						{
							"keytime":  0.016667, 
							"rotation": [ 0.515106, -0.507331,  0.484794, -0.492195], 
							"translation": [ 8.492447, -3.452766,  0.000084]
						}, 
						{
							"keytime":  0.025000, 
							"rotation": [ 0.516138, -0.508346,  0.483728, -0.491115], 
							"translation": [ 8.492447, -3.452770,  0.000085]
						}, 
						{
							"keytime":  0.033333, 
							"rotation": [ 0.516819, -0.509017,  0.483023, -0.490397], 
							"translation": [ 8.492462, -3.452770,  0.000084]
						}, 
						{
							"keytime":  0.041667, 
							"rotation": [ 0.517343, -0.509534,  0.482477, -0.489843], 
							"translation": [ 8.492462, -3.452759,  0.000084]
						}, 
						{
							"keytime":  0.050000, 
							"rotation": [ 0.517877, -0.510060,  0.481922, -0.489279], 
							"translation": [ 8.492447, -3.452766,  0.000084]
						}, 
						{
							"keytime":  0.058333, 
							"rotation": [ 0.518550, -0.510724,  0.481219, -0.488565], 
							"translation": [ 8.492447, -3.452759,  0.000085]
						}, 
						{
							"keytime":  0.066667, 
							"rotation": [ 0.519438, -0.511597,  0.480289, -0.487622], 
							"translation": [ 8.492447, -3.452759,  0.000084]
						}, 
						{
							"keytime":  0.075000, 
							"rotation": [ 0.520559, -0.512702,  0.479111, -0.486424], 
							"translation": [ 8.492447, -3.452774,  0.000083]
						}, 
						{
							"keytime":  0.083333, 
							"rotation": [ 0.521860, -0.513982,  0.477736, -0.485030], 
							"translation": [ 8.492447, -3.452766,  0.000084]
						}, 
						{
							"keytime":  0.091667, 
							"rotation": [ 0.523216, -0.515318,  0.476294, -0.483566], 
							"translation": [ 8.492447, -3.452766,  0.000086]
						}, 
						{
							"keytime":  0.100000, 
							"rotation": [ 0.524446, -0.516529,  0.474981, -0.482232], 
							"translation": [ 8.492447, -3.452766,  0.000085]
						}, 
						{
							"keytime":  0.108333, 
							"rotation": [ 0.525310, -0.517381,  0.474053, -0.481290], 
							"translation": [ 8.492462, -3.452766,  0.000085]
						}, 
						{
							"keytime":  0.116667, 
							"rotation": [ 0.525557, -0.517625,  0.473787, -0.481019], 
							"translation": [ 8.492462, -3.452766,  0.000085]
						}, 
						{
							"keytime":  0.125000, 
							"rotation": [ 0.525089, -0.517163,  0.474291, -0.481531], 
							"translation": [ 8.492462, -3.452759,  0.000084]
						}, 
						{
							"keytime":  0.133333, 
							"rotation": [ 0.523955, -0.516046,  0.475505, -0.482765], 
							"translation": [ 8.492462, -3.452774,  0.000085]
						}, 
						{
							"keytime":  0.141667, 
							"rotation": [ 0.522298, -0.514415,  0.477271, -0.484556], 
							"translation": [ 8.492447, -3.452759,  0.000084]
						}, 
						{
							"keytime":  0.150000, 
							"rotation": [ 0.520324, -0.512469,  0.479358, -0.486677], 
							"translation": [ 8.492462, -3.452766,  0.000084]
						}, 
						{
							"keytime":  0.158333, 
							"rotation": [ 0.518265, -0.510442,  0.481517, -0.488868], 
							"translation": [ 8.492447, -3.452766,  0.000085]
						}, 
						{
							"keytime":  0.166667, 
							"rotation": [ 0.516317, -0.508523,  0.483543, -0.490925]
						}, 
						{
							"keytime":  0.175000, 
							"rotation": [ 0.514611, -0.506843,  0.485304, -0.492713], 
							"translation": [ 8.492447, -3.452766,  0.000085]
						}, 
						{
							"keytime":  0.183333, 
							"rotation": [ 0.513211, -0.505465,  0.486740, -0.494170], 
							"translation": [ 8.492462, -3.452766,  0.000084]
						}, 
						{
							"keytime":  0.191667, 
							"rotation": [ 0.512156, -0.504425,  0.487817, -0.495264], 
							"translation": [ 8.492447, -3.452774,  0.000085]
						}, 
						{
							"keytime":  0.200000, 
							"rotation": [ 0.511446, -0.503726,  0.488539, -0.495997], 
							"translation": [ 8.492432, -3.452759,  0.000084]
						}, 
						{
							"keytime":  0.208333, 
							"rotation": [ 0.511073, -0.503359,  0.488917, -0.496381], 
							"translation": [ 8.492462, -3.452766,  0.000085]
						}, 
						{
							"keytime":  0.216667, 
							"rotation": [ 0.510980, -0.503266,  0.489011, -0.496478], 
							"translation": [ 8.492447, -3.452774,  0.000085]
						}, 
						{
							"keytime":  0.225000, 
							"rotation": [ 0.511072, -0.503356,  0.488918, -0.496384], 
							"translation": [ 8.492432, -3.452766,  0.000084]
						}, 
						{
							"keytime":  0.233333, 
							"rotation": [ 0.511312, -0.503593,  0.488675, -0.496136], 
							"translation": [ 8.492447, -3.452759,  0.000085]
						}, 
						{
							"keytime":  0.241667, 
							"rotation": [ 0.511669, -0.503945,  0.488313, -0.495768], 
							"translation": [ 8.492447, -3.452774,  0.000084]
						}, 
						{
							"keytime":  0.250000, 
							"rotation": [ 0.512120, -0.504389,  0.487853, -0.495302], 
							"translation": [ 8.492462, -3.452759,  0.000085]
						}, 
						{
							"keytime":  0.258334, 
							"rotation": [ 0.512649, -0.504909,  0.487314, -0.494755], 
							"translation": [ 8.492432, -3.452774,  0.000085]
						}, 
						{
							"keytime":  0.266667, 
							"rotation": [ 0.513235, -0.505488,  0.486716, -0.494146], 
							"translation": [ 8.492462, -3.452759,  0.000084]
						}, 
						{
							"keytime":  0.275000, 
							"rotation": [ 0.513869, -0.506111,  0.486066, -0.493488], 
							"translation": [ 8.492462, -3.452759,  0.000084]
						}, 
						{
							"keytime":  0.283334, 
							"rotation": [ 0.514540, -0.506773,  0.485376, -0.492787], 
							"translation": [ 8.492447, -3.452774,  0.000084]
						}, 
						{
							"keytime":  0.291667, 
							"rotation": [ 0.515238, -0.507459,  0.484658, -0.492058], 
							"translation": [ 8.492447, -3.452766,  0.000085]
						}, 
						{
							"keytime":  0.300000, 
							"rotation": [ 0.515957, -0.508169,  0.483915, -0.491303], 
							"translation": [ 8.492447, -3.452774,  0.000085]
						}, 
						{
							"keytime":  0.308334, 
							"rotation": [ 0.516692, -0.508892,  0.483154, -0.490531], 
							"translation": [ 8.492447, -3.452766,  0.000084]
						}, 
						{
							"keytime":  0.316667, 
							"rotation": [ 0.517439, -0.509629,  0.482378, -0.489742], 
							"translation": [ 8.492477, -3.452774,  0.000085]
						}, 
						{
							"keytime":  0.325000, 
							"rotation": [ 0.518203, -0.510380,  0.481582, -0.488934], 
							"translation": [ 8.492447, -3.452766,  0.000085]
						}, 
						{
							"keytime":  0.333334, 
							"rotation": [ 0.518982, -0.511149,  0.480767, -0.488106], 
							"translation": [ 8.492447, -3.452770,  0.000084]
						}, 
						{
							"keytime":  0.341667, 
							"rotation": [ 0.519786, -0.511940,  0.479924, -0.487250], 
							"translation": [ 8.492447, -3.452770,  0.000084]
						}, 
						{
							"keytime":  0.350000, 
							"rotation": [ 0.520624, -0.512766,  0.479042, -0.486355], 
							"translation": [ 8.492462, -3.452759,  0.000085]
						}, 
						{
							"keytime":  0.358334, 
							"rotation": [ 0.521503, -0.513630,  0.478114, -0.485414], 
							"translation": [ 8.492462, -3.452766,  0.000084]
						}, 
						{
							"keytime":  0.366667, 
							"rotation": [ 0.522429, -0.514543,  0.477132, -0.484416], 
							"translation": [ 8.492447, -3.452770,  0.000086]
						}, 
						{
							"keytime":  0.375000, 
							"rotation": [ 0.523408, -0.515509,  0.476090, -0.483356], 
							"translation": [ 8.492462, -3.452770,  0.000085]
						}, 
						{
							"keytime":  0.383334, 
							"rotation": [ 0.524436, -0.516521,  0.474991, -0.482242], 
							"translation": [ 8.492462, -3.452763,  0.000084]
						}, 
						{
							"keytime":  0.391667, 
							"rotation": [ 0.525500, -0.517568,  0.473849, -0.481083], 
							"translation": [ 8.492447, -3.452766,  0.000085]
						}, 
						{
							"keytime":  0.400000, 
							"rotation": [ 0.526584, -0.518637,  0.472680, -0.479895], 
							"translation": [ 8.492447, -3.452766,  0.000085]
						}, 
						{
							"keytime":  0.408334, 
							"rotation": [ 0.527661, -0.519695,  0.471514, -0.478713], 
							"translation": [ 8.492462, -3.452770,  0.000085]
						}, 
						{
							"keytime":  0.416667, 
							"rotation": [ 0.528691, -0.520712,  0.470393, -0.477572], 
							"translation": [ 8.492447, -3.452766,  0.000085]
						}, 
						{
							"keytime":  0.425001, 
							"rotation": [ 0.529619, -0.521626,  0.469379, -0.476543], 
							"translation": [ 8.492462, -3.452763,  0.000085]
						}, 
						{
							"keytime":  0.433334, 
							"rotation": [ 0.530432, -0.522425,  0.468488, -0.475640], 
							"translation": [ 8.492462, -3.452766,  0.000086]
						}, 
						{
							"keytime":  0.441667, 
							"rotation": [ 0.531147, -0.523130,  0.467701, -0.474841], 
							"translation": [ 8.492447, -3.452766,  0.000084]
						}, 
						{
							"keytime":  0.450001, 
							"rotation": [ 0.531778, -0.523752,  0.467005, -0.474133], 
							"translation": [ 8.492447, -3.452770,  0.000084]
						}, 
						{
							"keytime":  0.458334, 
							"rotation": [ 0.532332, -0.524298,  0.466392, -0.473510], 
							"translation": [ 8.492432, -3.452763,  0.000082]
						}, 
						{
							"keytime":  0.466667, 
							"rotation": [ 0.532819, -0.524776,  0.465853, -0.472964], 
							"translation": [ 8.492447, -3.452766,  0.000086]
						}, 
						{
							"keytime":  0.475001, 
							"rotation": [ 0.533244, -0.525195,  0.465381, -0.472485], 
							"translation": [ 8.492447, -3.452770,  0.000084]
						}, 
						{
							"keytime":  0.483334, 
							"rotation": [ 0.533612, -0.525558,  0.464971, -0.472069], 
							"translation": [ 8.492447, -3.452770,  0.000084]
						}, 
						{
							"keytime":  0.491667, 
							"rotation": [ 0.533929, -0.525872,  0.464617, -0.471709], 
							"translation": [ 8.492462, -3.452770,  0.000086]
						}, 
						{
							"keytime":  0.500001, 
							"rotation": [ 0.534203, -0.526140,  0.464312, -0.471400]
						}, 
						{
							"keytime":  0.508334, 
							"rotation": [ 0.534435, -0.526369,  0.464053, -0.471137], 
							"translation": [ 8.492462, -3.452763,  0.000084]
						}, 
						{
							"keytime":  0.516667, 
							"rotation": [ 0.534630, -0.526561,  0.463835, -0.470915], 
							"translation": [ 8.492462, -3.452770,  0.000082]
						}, 
						{
							"keytime":  0.525001, 
							"rotation": [ 0.534793, -0.526722,  0.463653, -0.470730], 
							"translation": [ 8.492462, -3.452766,  0.000082]
						}, 
						{
							"keytime":  0.533334, 
							"rotation": [ 0.534927, -0.526853,  0.463503, -0.470579], 
							"translation": [ 8.492432, -3.452774,  0.000084]
						}, 
						{
							"keytime":  0.541667, 
							"rotation": [ 0.535034, -0.526958,  0.463383, -0.470457], 
							"translation": [ 8.492447, -3.452759,  0.000084]
						}, 
						{
							"keytime":  0.550001, 
							"rotation": [ 0.535117, -0.527040,  0.463290, -0.470363], 
							"translation": [ 8.492462, -3.452766,  0.000084]
						}, 
						{
							"keytime":  0.558334, 
							"rotation": [ 0.535177, -0.527099,  0.463222, -0.470294], 
							"translation": [ 8.492447, -3.452774,  0.000086]
						}, 
						{
							"keytime":  0.566667, 
							"rotation": [ 0.535215, -0.527137,  0.463180, -0.470250]
						}, 
						{
							"keytime":  0.575001, 
							"rotation": [ 0.535231, -0.527153,  0.463162, -0.470232], 
							"translation": [ 8.492447, -3.452774,  0.000084]
						}, 
						{
							"keytime":  0.583334, 
							"rotation": [ 0.535223, -0.527145,  0.463172, -0.470242], 
							"translation": [ 8.492447, -3.452766,  0.000086]
						}, 
						{
							"keytime":  0.591667, 
							"rotation": [ 0.535186, -0.527109,  0.463212, -0.470283], 
							"translation": [ 8.492462, -3.452759,  0.000082]
						}, 
						{
							"keytime":  0.600001, 
							"rotation": [ 0.535117, -0.527040,  0.463290, -0.470363], 
							"translation": [ 8.492462, -3.452774,  0.000086]
						}, 
						{
							"keytime":  0.608334, 
							"rotation": [ 0.535005, -0.526929,  0.463416, -0.470490], 
							"translation": [ 8.492447, -3.452766,  0.000084]
						}, 
						{
							"keytime":  0.616667, 
							"rotation": [ 0.534838, -0.526766,  0.463602, -0.470679], 
							"translation": [ 8.492462, -3.452766,  0.000082]
						}, 
						{
							"keytime":  0.625001, 
							"rotation": [ 0.534600, -0.526531,  0.463868, -0.470949], 
							"translation": [ 8.492447, -3.452766,  0.000086]
						}, 
						{
							"keytime":  0.633334, 
							"rotation": [ 0.534268, -0.526203,  0.464239, -0.471327], 
							"translation": [ 8.492447, -3.452766,  0.000084]
						}, 
						{
							"keytime":  0.641667, 
							"rotation": [ 0.534055, -0.525994,  0.464477, -0.471567], 
							"translation": [ 8.492462, -3.452766,  0.000084]
						}, 
						{
							"keytime":  0.650001, 
							"rotation": [ 0.534162, -0.526099,  0.464358, -0.471447], 
							"translation": [ 8.492432, -3.452774,  0.000086]
						}, 
						{
							"keytime":  0.658334, 
							"rotation": [ 0.534538, -0.526470,  0.463938, -0.471020], 
							"translation": [ 8.492462, -3.452766,  0.000084]
						}, 
						{
							"keytime":  0.666667, 
							"rotation": [ 0.535129, -0.527053,  0.463277, -0.470347]
						}, 
						{
							"keytime":  0.675000, 
							"rotation": [ 0.535883, -0.527794,  0.462431, -0.469490], 
							"translation": [ 8.492462, -3.452766,  0.000084]
						}, 
						{
							"keytime":  0.683334, 
							"rotation": [ 0.536748, -0.528647,  0.461456, -0.468500], 
							"translation": [ 8.492462, -3.452770,  0.000084]
						}, 
						{
							"keytime":  0.691667, 
							"rotation": [ 0.537671, -0.529555,  0.460413, -0.467442], 
							"translation": [ 8.492447, -3.452774,  0.000086]
						}, 
						{
							"keytime":  0.700000, 
							"rotation": [ 0.538604, -0.530474,  0.459354, -0.466366], 
							"translation": [ 8.492462, -3.452766,  0.000082]
						}, 
						{
							"keytime":  0.708334, 
							"rotation": [ 0.539512, -0.531370,  0.458318, -0.465314], 
							"translation": [ 8.492447, -3.452759,  0.000082]
						}, 
						{
							"keytime":  0.716667, 
							"rotation": [ 0.540361, -0.532205,  0.457348, -0.464329], 
							"translation": [ 8.492462, -3.452770,  0.000086]
						}, 
						{
							"keytime":  0.725000, 
							"rotation": [ 0.541136, -0.532969,  0.456458, -0.463425], 
							"translation": [ 8.492447, -3.452766,  0.000084]
						}, 
						{
							"keytime":  0.733334, 
							"rotation": [ 0.541846, -0.533667,  0.455640, -0.462595], 
							"translation": [ 8.492462, -3.452770,  0.000084]
						}, 
						{
							"keytime":  0.741667, 
							"rotation": [ 0.542510, -0.534323,  0.454872, -0.461815], 
							"translation": [ 8.492462, -3.452766,  0.000086]
						}, 
						{
							"keytime":  0.750000, 
							"rotation": [ 0.543178, -0.534980,  0.454099, -0.461030], 
							"translation": [ 8.492462, -3.452766,  0.000082]
						}, 
						{
							"keytime":  0.758334, 
							"rotation": [ 0.543904, -0.535695,  0.453255, -0.460174], 
							"translation": [ 8.492432, -3.452766,  0.000084]
						}, 
						{
							"keytime":  0.766667, 
							"rotation": [ 0.544724, -0.536504,  0.452298, -0.459201], 
