{
	"version": "0.7", 
	"id": "", 
	"meshes": [], 
	"materials": [], 
	"nodes": [
		{
			"id": "root", 
			"skeleton": false, 
			"transform": [ 1.000000, -0.000000, -0.000000,  0.000000,  0.000000,  1.000000,  0.000000,  0.000000,  0.000000, -0.000000,  1.000000,  0.000000,  0.000000,  0.000000,  0.000000,  1.000000], 
			"children": [
				{
					"id": "Bone023", 
					"skeleton": false, 
					"transform": [ 0.209074,  0.971784,  0.109199,  0.000000, -0.977631,  0.210326,  0.000051,  0.000000, -0.022918, -0.106767,  0.994020,  0.000000, -1.459585,  97.917175, -1.728717,  1.000000], 
					"children": [
						{
							"id": "Bone032", 
							"skeleton": false, 
							"transform": [ 0.991722,  0.127551, -0.014769,  0.000000, -0.128077,  0.990833, -0.042971,  0.000000,  0.009153,  0.044507,  0.998967,  0.000000,  12.069244,  0.000000, -0.000008,  1.000000], 
							"children": [
								{
									"id": "Bone026", 
									"skeleton": false, 
									"transform": [ 0.961486,  0.178670, -0.208857,  0.000000, -0.191453,  0.980581, -0.042510,  0.000000,  0.197206,  0.080859,  0.977022,  0.000000,  12.077492,  0.000006,  0.000014,  1.000000], 
									"children": [
										{
											"id": "Bone025", 
											"skeleton": false, 
											"transform": [ 0.988594,  0.019371, -0.149354,  0.000000, -0.012297,  0.998765,  0.048142,  0.000000,  0.150103, -0.045757,  0.987611,  0.000000,  12.780777,  0.000119, -0.000016,  1.000000], 
											"children": [
												{
													"id": "Bone024", 
													"skeleton": false, 
													"transform": [ 0.804895,  0.020307,  0.593069,  0.000000,  0.093798,  0.982497, -0.160940,  0.000000, -0.585957,  0.185169,  0.788902,  0.000000,  14.347260,  0.000310,  0.000034,  1.000000], 
													"children": [
														{
															"id": "Bone_head", 
															"skeleton": false, 
															"transform": [ 0.998886,  0.038644, -0.027088,  0.000000, -0.019453, -0.185794, -0.982396,  0.000000, -0.042997,  0.981828, -0.184836,  0.000000,  5.685593, -0.000012,  0.000004,  1.000000], 
															"children": [
																{
																	"id": "Bone_nose", 
																	"skeleton": false, 
																	"transform": [ 0.015182, -0.999885,  0.000029,  0.000000, -0.029574, -0.000478, -0.999563,  0.000000,  0.999447,  0.015174, -0.029578,  0.000000,  8.492447, -3.452770,  0.000085,  1.000000]
																}, 
																{
																	"id": "Bone_jaw", 
																	"skeleton": false, 
																	"transform": [-0.559190, -0.829039, -0.000014,  0.000000, -0.040008,  0.027002, -0.998834,  0.000000,  0.828074, -0.558538, -0.048267,  0.000000,  4.732376, -3.238922,  0.000130,  1.000000]
																}
															]
														}
													]
												}, 
												{
													"id": "Bone027", 
													"skeleton": false, 
													"transform": [ 0.326966,  0.944981, -0.010147,  0.000000, -0.760445,  0.256711, -0.596509,  0.000000, -0.561085,  0.202755,  0.802542,  0.000000,  5.798386,  3.431182, -5.144135,  1.000000], 
													"children": [
														{
															"id": "Bone028", 
															"skeleton": false, 
															"transform": [ 0.013743,  0.910398, -0.413505,  0.000000, -0.881638, -0.184065, -0.434551,  0.000000, -0.471727,  0.370534,  0.800112,  0.000000,  10.335972,  0.000015, -0.000008,  1.000000], 
															"children": [
																{
																	"id": "Bone029", 
																	"skeleton": false, 
																	"transform": [ 0.122302, -0.009793,  0.992445,  0.000000,  0.532589,  0.844432, -0.057300,  0.000000, -0.837491,  0.535573,  0.108491,  0.000000,  23.257843,  0.000000, -0.000008,  1.000000], 
																	"children": [
																		{
																			"id": "Bone030", 
																			"skeleton": false, 
																			"transform": [ 0.269430,  0.809591, -0.521508,  0.000000, -0.961082,  0.260387, -0.092304,  0.000000,  0.061065,  0.526081,  0.848239,  0.000000,  21.830490, -0.000013,  0.000011,  1.000000], 
																			"children": [
																				{
																					"id": "Bone031", 
																					"skeleton": false, 
																					"transform": [ 1.000000,  0.000000,  0.000000,  0.000000, -0.000000,  1.000000,  0.000000,  0.000000, -0.000000, -0.000000,  1.000000,  0.000000,  10.322968,  0.000000,  0.000000,  1.000000]
																				}, 
																				{
																					"id": "Bone037", 
																					"skeleton": false, 
																					"transform": [ 0.749082,  0.138655,  0.647805,  0.000000, -0.332177,  0.924656,  0.186198,  0.000000, -0.573180, -0.354663,  0.738701,  0.000000,  5.428749,  1.608055,  3.109499,  1.000000], 
																					"children": [
																						{
																							"id": "Bone038", 
																							"skeleton": false, 
																							"transform": [ 0.802186, -0.073031, -0.592591,  0.000000,  0.157385,  0.983254,  0.091874,  0.000000,  0.575958, -0.166965,  0.800247,  0.000000,  3.639519, -0.000008,  0.000002,  1.000000], 
																							"children": [
																								{
																									"id": "Bone039", 
																									"skeleton": false, 
																									"transform": [ 0.741847, -0.034576, -0.669677,  0.000000, -0.003491,  0.998457, -0.055417,  0.000000,  0.670560,  0.043449,  0.740582,  0.000000,  2.830399,  0.000008,  0.000001,  1.000000]
																								}
																							]
																						}
																					]
																				}, 
																				{
																					"id": "Bone041", 
																					"skeleton": false, 
																					"transform": [ 0.949018,  0.314527,  0.020899,  0.000000, -0.314093,  0.949145, -0.021650,  0.000000, -0.026645,  0.013982,  0.999547,  0.000000,  10.926697, -0.885048,  2.882990,  1.000000], 
																					"children": [
																						{
																							"id": "Bone042", 
																							"skeleton": false, 
																							"transform": [ 0.602263,  0.798284, -0.004667,  0.000000, -0.797539,  0.601936,  0.040050,  0.000000,  0.034781, -0.020398,  0.999187,  0.000000,  3.056160,  0.000000,  0.000004,  1.000000], 
																							"children": [
																								{
																									"id": "Bone043", 
																									"skeleton": false, 
																									"transform": [ 0.937452,  0.344294,  0.051431,  0.000000, -0.344921,  0.938625,  0.003582,  0.000000, -0.047041, -0.021098,  0.998670,  0.000000,  2.204185,  0.000023,  0.000000,  1.000000]
																								}
																							]
																						}
																					]
																				}, 
																				{
																					"id": "Bone045", 
																					"skeleton": false, 
																					"transform": [ 0.916092,  0.400526,  0.018818,  0.000000, -0.400081,  0.916179, -0.023481,  0.000000, -0.026646,  0.013982,  0.999547,  0.000000,  10.974373, -0.910049,  1.094803,  1.000000], 
																					"children": [
																						{
																							"id": "Bone046", 
																							"skeleton": false, 
																							"transform": [ 0.673682,  0.738366,  0.031131,  0.000000, -0.737437,  0.668883,  0.093719,  0.000000,  0.048376, -0.086094,  0.995112,  0.000000,  2.982290,  0.000000, -0.000002,  1.000000], 
																							"children": [
																								{
																									"id": "Bone047", 
																									"skeleton": false, 
																									"transform": [ 0.889739,  0.456418,  0.006838,  0.000000, -0.454093,  0.886536, -0.088614,  0.000000, -0.046507,  0.075738,  0.996043,  0.000000,  2.761444,  0.000031,  0.000004,  1.000000]
																								}
																							]
																						}
																					]
																				}, 
																				{
																					"id": "Bone049", 
																					"skeleton": false, 
																					"transform": [ 0.838388,  0.544079, -0.032933,  0.000000, -0.504579,  0.797536,  0.330659,  0.000000,  0.206170, -0.260603,  0.943176,  0.000000,  11.054501, -0.527267, -0.595619,  1.000000], 
																					"children": [
																						{
																							"id": "Bone050", 
																							"skeleton": false, 
																							"transform": [ 0.652100,  0.755448,  0.063749,  0.000000, -0.757913,  0.647576,  0.078832,  0.000000,  0.018271, -0.099722,  0.994848,  0.000000,  2.495884,  0.000000, -0.000000,  1.000000], 
																							"children": [
																								{
																									"id": "Bone051", 
																									"skeleton": false, 
																									"transform": [ 0.982541,  0.182483, -0.036229,  0.000000, -0.185241,  0.977646, -0.099466,  0.000000,  0.017268,  0.104441,  0.994381,  0.000000,  2.137535,  0.000023,  0.000000,  1.000000]
																								}
																							]
																						}
																					]
																				}, 
																				{
																					"id": "Bone054", 
																					"skeleton": false, 
																					"transform": [ 0.882444,  0.470241, -0.012867,  0.000000, -0.414719,  0.790580,  0.450545,  0.000000,  0.222037, -0.392244,  0.892661,  0.000000,  10.734268,  0.103790, -2.319204,  1.000000], 
																					"children": [
																						{
																							"id": "Bone055", 
																							"skeleton": false, 
																							"transform": [ 0.637128,  0.768395, -0.060309,  0.000000, -0.763931,  0.639939,  0.082988,  0.000000,  0.102362, -0.006802,  0.994724,  0.000000,  2.505426,  0.000000,  0.000002,  1.000000], 
																							"children": [
																								{
																									"id": "Bone056", 
																									"skeleton": false, 
																									"transform": [ 0.958890,  0.283297, -0.016528,  0.000000, -0.283396,  0.958995, -0.003888,  0.000000,  0.014749,  0.008412,  0.999856,  0.000000,  1.329674,  0.000015,  0.000000,  1.000000]
																								}
																							]
																						}
																					]
																				}
																			]
																		}
																	]
																}
															]
														}
													]
												}, 
												{
													"id": "Bone027(mirrored)", 
													"skeleton": false, 
													"transform": [ 0.358282, -0.925777,  0.120712,  0.000000,  0.890699,  0.377693,  0.252988,  0.000000, -0.279803,  0.016877,  0.959909,  0.000000,  5.798218, -3.432467, -5.143875,  1.000000], 
													"children": [
														{
															"id": "Bone028(mirrored)", 
															"skeleton": false, 
															"transform": [-0.183943, -0.926204,  0.329108,  0.000000,  0.831179, -0.325295, -0.450915,  0.000000,  0.524696,  0.190605,  0.829677,  0.000000,  10.335960, -0.000015,  0.000002,  1.000000], 
															"children": [
																{
																	"id": "Bone029(mirrored)", 
																	"skeleton": false, 
																	"transform": [-0.314791, -0.024089,  0.948855,  0.000000, -0.509311,  0.847858, -0.147443,  0.000000, -0.800942, -0.529677, -0.279167,  0.000000,  23.257851,  0.000000,  0.000011,  1.000000], 
																	"children": [
																		{
																			"id": "Bone030(mirrored)", 
																			"skeleton": false, 
																			"transform": [ 0.930861,  0.167846, -0.324538,  0.000000, -0.331542,  0.014739, -0.943325,  0.000000, -0.153550,  0.985703,  0.069368,  0.000000,  21.830490,  0.000031,  0.000011,  1.000000], 
																			"children": [
																				{
																					"id": "Bone031(mirrored)", 
																					"skeleton": false, 
																					"transform": [ 1.000000,  0.000001,  0.000000,  0.000000, -0.000001,  1.000000, -0.000000,  0.000000, -0.000000,  0.000000,  1.000000,  0.000000,  10.322983, -0.000008,  0.000015,  1.000000]
																				}, 
																				{
																					"id": "Bone037(mirrored)", 
																					"skeleton": false, 
																					"transform": [ 0.649956, -0.358519,  0.670090,  0.000000,  0.588563,  0.795272, -0.145384,  0.000000, -0.480780,  0.488883,  0.727903,  0.000000,  5.428757, -1.608063,  3.109497,  1.000000], 
																					"children": [
																						{
																							"id": "Bone038(mirrored)", 
																							"skeleton": false, 
																							"transform": [ 0.988469, -0.146772, -0.037238,  0.000000,  0.142046,  0.983977, -0.107758,  0.000000,  0.052457,  0.101226,  0.993479,  0.000000,  3.639511,  0.000008,  0.000008,  1.000000], 
																							"children": [
																								{
																									"id": "Bone039(mirrored)", 
																									"skeleton": false, 
																									"transform": [ 0.967984,  0.239647,  0.074670,  0.000000, -0.241365,  0.970322,  0.014769,  0.000000, -0.068915, -0.032319,  0.997099,  0.000000,  2.830399, -0.000010,  0.000011,  1.000000]
																								}
																							]
																						}
																					]
																				}, 
																				{
																					"id": "Bone049(mirrored)", 
																					"skeleton": false, 
																					"transform": [ 0.411556, -0.896483,  0.164132,  0.000000,  0.905051,  0.380819, -0.189364,  0.000000,  0.107257,  0.226482,  0.968092,  0.000000,  11.054504,  0.527260, -0.595612,  1.000000], 
																					"children": [
																						{
																							"id": "Bone050(mirrored)", 
																							"skeleton": false, 
																							"transform": [ 0.110572, -0.993837,  0.007850,  0.000000,  0.993867,  0.110556, -0.002337,  0.000000,  0.001455,  0.008060,  0.999966,  0.000000,  2.495895, -0.000008,  0.000011,  1.000000], 
																							"children": [
																								{
																									"id": "Bone051(mirrored)", 
																									"skeleton": false, 
																									"transform": [ 0.704223, -0.709978, -0.001142,  0.000000,  0.705718,  0.699821,  0.110511,  0.000000, -0.077661, -0.078630,  0.993874,  0.000000,  2.137531, -0.000031, -0.000008,  1.000000]
																								}
																							]
																						}
																					]
																				}, 
																				{
																					"id": "Bone054(mirrored)", 
																					"skeleton": false, 
																					"transform": [ 0.291854, -0.901752,  0.318847,  0.000000,  0.951645,  0.240354, -0.191318,  0.000000,  0.095885,  0.359266,  0.928296,  0.000000,  10.734283, -0.103790, -2.319187,  1.000000], 
																					"children": [
																						{
																							"id": "Bone055(mirrored)", 
																							"skeleton": false, 
																							"transform": [ 0.265479, -0.964101, -0.005503,  0.000000,  0.963724,  0.265529, -0.027017,  0.000000,  0.027508,  0.001870,  0.999620,  0.000000,  2.505417,  0.000008, -0.000015,  1.000000], 
																							"children": [
																								{
																									"id": "Bone056(mirrored)", 
																									"skeleton": false, 
																									"transform": [ 0.756049, -0.653871,  0.029024,  0.000000,  0.650120,  0.755364,  0.082276,  0.000000, -0.075722, -0.043336,  0.996187,  0.000000,  1.329685, -0.000015,  0.000004,  1.000000]
																								}
																							]
																						}
																					]
																				}, 
																				{
																					"id": "Bone045(mirrored)", 
																					"skeleton": false, 
																					"transform": [ 0.443448, -0.852578,  0.276521,  0.000000,  0.882741,  0.468896,  0.030091,  0.000000, -0.155315,  0.230753,  0.960536,  0.000000,  10.974373,  0.910034,  1.094814,  1.000000], 
																					"children": [
																						{
																							"id": "Bone046(mirrored)", 
																							"skeleton": false, 
																							"transform": [ 0.076867, -0.996673, -0.027106,  0.000000,  0.996916,  0.076398,  0.017918,  0.000000, -0.015787, -0.028399,  0.999472,  0.000000,  2.982285,  0.000008,  0.000008,  1.000000], 
																							"children": [
																								{
																									"id": "Bone047(mirrored)", 
																									"skeleton": false, 
																									"transform": [ 0.411359, -0.911390,  0.012369,  0.000000,  0.905693,  0.410238,  0.106888,  0.000000, -0.102491, -0.032767,  0.994194,  0.000000,  2.761444, -0.000031, -0.000008,  1.000000]
																								}
																							]
																						}
																					]
																				}, 
																				{
																					"id": "Bone041(mirrored)", 
																					"skeleton": false, 
																					"transform": [ 0.985703, -0.166779,  0.023943,  0.000000,  0.166369,  0.985895,  0.018226,  0.000000, -0.026645, -0.013982,  0.999547,  0.000000,  10.926720,  0.885040,  2.882996,  1.000000], 
																					"children": [
																						{
																							"id": "Bone042(mirrored)", 
																							"skeleton": false, 
																							"transform": [ 0.876482, -0.480778, -0.025135,  0.000000,  0.479579,  0.876493, -0.042005,  0.000000,  0.042226,  0.024763,  0.998801,  0.000000,  3.056160,  0.000000,  0.000015,  1.000000], 
																							"children": [
																								{
																									"id": "Bone043(mirrored)", 
																									"skeleton": false, 
																									"transform": [ 0.938936,  0.340145,  0.051979,  0.000000, -0.337292,  0.939701, -0.056541,  0.000000, -0.068076,  0.035557,  0.997046,  0.000000,  2.204178, -0.000038, -0.000023,  1.000000]
																								}
																							]
																						}
																					]
																				}, 
																				{
																					"id": "Bone_ball_1", 
																					"skeleton": false, 
																					"transform": [ 0.525326,  0.675029,  0.518041,  0.000000, -0.669177, -0.048306,  0.741531,  0.000000,  0.525580, -0.736207,  0.426337,  0.000000,  12.916969, -3.869865,  5.561783,  1.000000]
																				}
																			]
																		}
																	]
																}
															]
														}
													]
												}
											]
										}
									]
								}
							]
						}, 
						{
							"id": "Bone033", 
							"skeleton": false, 
							"transform": [-0.960477, -0.260487,  0.098129,  0.000000,  0.101680, -0.000155,  0.994817,  0.000000, -0.259122,  0.965477,  0.026635,  0.000000,  4.711235,  6.692244, -4.795177,  1.000000], 
							"children": [
								{
									"id": "Bone034", 
									"skeleton": false, 
									"transform": [ 0.999999,  0.001503,  0.000000,  0.000000, -0.001503,  0.999999, -0.000000,  0.000000, -0.000000,  0.000000,  1.000000,  0.000000,  41.646671,  0.000013,  0.000000,  1.000000], 
									"children": [
										{
											"id": "Bone035", 
											"skeleton": false, 
											"transform": [ 0.717328,  0.695978,  0.032492,  0.000000, -0.696346,  0.717707,  0.000019,  0.000000, -0.023306, -0.022640,  0.999472,  0.000000,  46.067123, -0.000001,  0.000004,  1.000000]
										}
									]
								}
							]
						}, 
						{
							"id": "Bone033(mirrored)", 
							"skeleton": false, 
							"transform": [-0.934954, -0.212315,  0.284223,  0.000000, -0.282187, -0.040490, -0.958505,  0.000000,  0.215013, -0.976362, -0.022056,  0.000000,  4.711227, -6.692239, -4.794495,  1.000000], 
							"children": [
								{
									"id": "Bone034(mirrored)", 
									"skeleton": false, 
									"transform": [ 0.936546,  0.350544, -0.000000,  0.000000, -0.350544,  0.936546,  0.000000,  0.000000,  0.000000,  0.000000,  1.000000,  0.000000,  41.646690, -0.000014, -0.000001,  1.000000], 
									"children": [
										{
											"id": "Bone035(mirrored)", 
											"skeleton": false, 
											"transform": [ 0.547995, -0.836476, -0.002988,  0.000000,  0.836480,  0.547998, -0.000214,  0.000000,  0.001816, -0.002382,  0.999995,  0.000000,  46.067127,  0.000001,  0.000007,  1.000000]
										}
									]
								}
							]
						}
					]
				}, 
				{
					"id": "Bone_R_eye", 
					"skeleton": false, 
					"transform": [-0.682081, -0.166249,  0.712129,  0.000000, -0.099242,  0.985849,  0.135096,  0.000000, -0.724512,  0.021474, -0.688928,  0.000000, -6.989613,  162.213379,  1.955698,  1.000000]
				}, 
				{
					"id": "Bone003", 
					"skeleton": false, 
					"transform": [-0.705011,  0.529157,  0.472177,  0.000000,  0.433099,  0.848465, -0.304191,  0.000000, -0.561591, -0.009959, -0.827355,  0.000000, -6.539874,  162.082382,  2.170649,  1.000000]
				}, 
				{
					"id": "Bone003(mirrored)", 
					"skeleton": false, 
					"transform": [ 0.043959,  0.413542,  0.909423,  0.000000,  0.998834, -0.000000, -0.048281,  0.000000, -0.019966,  0.910485, -0.413060,  0.000000, -1.827740,  162.226944,  4.374339,  1.000000]
				}, 
				{
					"id": "Bone_L_eye", 
					"skeleton": false, 
					"transform": [-0.402900, -0.156083,  0.901837,  0.000000,  0.082291, -0.987538, -0.134151,  0.000000,  0.911537,  0.020164,  0.410723,  0.000000, -1.382406,  162.385406,  4.577999,  1.000000]
				}, 
				{
					"id": "Bone015", 
					"skeleton": false, 
					"transform": [-0.726944, -0.529227,  0.437574,  0.000000, -0.353539,  0.834713,  0.422214,  0.000000, -0.588696,  0.152227, -0.793892,  0.000000, -6.427242,  162.388763,  1.909418,  1.000000]
				}, 
				{
					"id": "Bone015(mirrored)", 
					"skeleton": false, 
					"transform": [ 0.156035, -0.502077,  0.850630,  0.000000,  0.087171, -0.850819, -0.518178,  0.000000,  0.983897,  0.155004, -0.088992,  0.000000, -1.715095,  162.533325,  4.113108,  1.000000]
				}, 
				{
					"id": "bone_lip01", 
					"skeleton": false, 
					"transform": [-0.612294, -0.063299, -0.788092,  0.000000,  0.192677, -0.978683, -0.071090,  0.000000, -0.766793, -0.195375,  0.611439,  0.000000, -5.350305,  155.984024,  6.171244,  1.000000], 
					"children": [
						{
							"id": "bone_lip07", 
							"skeleton": false, 
							"transform": [ 0.955442,  0.023692, -0.294225,  0.000000, -0.089707,  0.972933, -0.212964,  0.000000,  0.281216,  0.229869,  0.931707,  0.000000,  1.596055,  0.000000,  0.000000,  1.000000]
						}
					]
				}, 
				{
					"id": "bone_lip05", 
					"skeleton": false, 
					"transform": [ 0.942153,  0.322334,  0.091905,  0.000000, -0.317458,  0.770160,  0.553239,  0.000000,  0.107546, -0.550413,  0.827937,  0.000000, -5.034713,  154.626160,  5.573434,  1.000000], 
					"children": [
						{
							"id": "bone_lip06", 
							"skeleton": false, 
							"transform": [ 0.955143,  0.129900, -0.266133,  0.000000, -0.194934,  0.952298, -0.234795,  0.000000,  0.222939,  0.276141,  0.934904,  0.000000,  1.508583,  0.000000,  0.000008,  1.000000]
						}
					]
				}, 
				{
					"id": "bone_lip03", 
					"skeleton": false, 
					"transform": [-0.652646,  0.294322, -0.698161,  0.000000, -0.059253, -0.938470, -0.340238,  0.000000, -0.755343, -0.180686,  0.629928,  0.000000, -5.034713,  154.626160,  5.573434,  1.000000], 
					"children": [
						{
							"id": "bone_lip02", 
							"skeleton": false, 
							"transform": [ 0.969740, -0.221476, -0.102729,  0.000000,  0.200644,  0.962706, -0.181490,  0.000000,  0.139093,  0.155386,  0.978012,  0.000000,  1.603374,  0.000000,  0.000000,  1.000000]
						}
					]
				}, 
				{
					"id": "bone_lip00", 
					"skeleton": false, 
					"transform": [ 0.998920, -0.030065, -0.035424,  0.000000, -0.035440, -0.000000, -0.999372,  0.000000,  0.030046,  0.999547, -0.001066,  0.000000, -5.350305,  155.984024,  6.171244,  1.000000], 
					"children": [
						{
							"id": "bone_lip04", 
							"skeleton": false, 
							"transform": [ 0.954414,  0.292451,  0.059711,  0.000000, -0.292459,  0.956238, -0.008797,  0.000000, -0.059671, -0.009067,  0.998177,  0.000000,  1.600217, -0.000000, -0.000031,  1.000000]
						}
					]
				}
			]
		}
	], 
	"animations": [
		{
			"id": "Take 001", 
			"length":  8.666000, 
			"bones": [
				{
					"boneId": "Bone_nose", 
					"keyframes": [
						{
							"keytime":  0.000000, 
							"rotation": [ 0.511184, -0.503467,  0.488804, -0.496268], 
							"scale": [ 1.000000,  1.000000,  1.000000], 
							"translation": [ 8.492462, -3.452766,  0.000084]
						}, 
						{
							"keytime":  0.003846, 
							"rotation": [ 0.508419, -0.500743,  0.491594, -0.499100], 
							"translation": [ 8.492447, -3.452766,  0.000085]
						}, 
						{
							"keytime":  0.007693, 
							"rotation": [-0.505549,  0.497917, -0.494457,  0.502007], 
							"translation": [ 8.492447, -3.452766,  0.000084]
						}, 
						{
							"keytime":  0.011539, 
							"rotation": [-0.502664,  0.495075, -0.497302,  0.504896], 
							"translation": [ 8.492462, -3.452766,  0.000085]
						}, 
						{
							"keytime":  0.015386, 
							"rotation": [-0.499913,  0.492366, -0.499985,  0.507620], 
							"translation": [ 8.492447, -3.452766,  0.000084]
						}, 
						{
							"keytime":  0.019232, 
							"rotation": [-0.497446,  0.489936, -0.502366,  0.510038], 
							"translation": [ 8.492432, -3.452770,  0.000084]
						}, 
						{
							"keytime":  0.023079, 
							"rotation": [-0.495404,  0.487927, -0.504320,  0.512019], 
							"translation": [ 8.492462, -3.452763,  0.000085]
						}, 
						{
							"keytime":  0.026925, 
							"rotation": [-0.493893,  0.486438, -0.505756,  0.513477], 
							"translation": [ 8.492447, -3.452766,  0.000084]
						}, 
						{
							"keytime":  0.030772, 
							"rotation": [-0.492983,  0.485541, -0.506616,  0.514351], 
							"translation": [ 8.492462, -3.452766,  0.000084]
						}, 
						{
							"keytime":  0.034618, 
							"rotation": [-0.492657,  0.485219, -0.506924,  0.514665], 
							"translation": [ 8.492432, -3.452774,  0.000084]
						}, 
						{
							"keytime":  0.038464, 
							"rotation": [-0.492826,  0.485384, -0.506765,  0.514504], 
							"translation": [ 8.492462, -3.452766,  0.000084]
						}, 
						{
							"keytime":  0.042311, 
							"rotation": [-0.493313,  0.485865, -0.506305,  0.514036], 
							"translation": [ 8.492462, -3.452766,  0.000084]
						}, 
						{
							"keytime":  0.046157, 
							"rotation": [-0.493878,  0.486421, -0.505771,  0.513494], 
							"translation": [ 8.492462, -3.452759,  0.000084]
						}, 
						{
							"keytime":  0.050004, 
							"rotation": [-0.494239,  0.486777, -0.505428,  0.513146], 
							"translation": [ 8.492462, -3.452774,  0.000084]
						}, 
						{
							"keytime":  0.053850, 
							"rotation": [-0.492940,  0.485498, -0.506657,  0.514394], 
							"translation": [ 8.492462, -3.452759,  0.000085]
						}, 
						{
							"keytime":  0.057697, 
							"rotation": [-0.490814,  0.483403, -0.508655,  0.516423], 
							"translation": [ 8.492447, -3.452774,  0.000084]
						}, 
						{
							"keytime":  0.061543, 
							"rotation": [-0.488883,  0.481501, -0.510456,  0.518252], 
							"translation": [ 8.492447, -3.452766,  0.000084]
						}, 
						{
							"keytime":  0.065390, 
							"rotation": [-0.487521,  0.480159, -0.511719,  0.519533], 
							"translation": [ 8.492462, -3.452766,  0.000085]
						}, 
						{
							"keytime":  0.069236, 
							"rotation": [-0.486959,  0.479606, -0.512237,  0.520060], 
							"translation": [ 8.492447, -3.452774,  0.000084]
						}, 
						{
							"keytime":  0.073083, 
							"rotation": [-0.487377,  0.480018, -0.511851,  0.519668], 
							"translation": [ 8.492462, -3.452774,  0.000084]
						}, 
						{
							"keytime":  0.076929, 
							"rotation": [-0.488454,  0.481079, -0.510854,  0.518656], 
							"translation": [ 8.492447, -3.452774,  0.000085]
						}, 
						{
							"keytime":  0.080775, 
							"rotation": [-0.489772,  0.482378, -0.509629,  0.517410], 
							"translation": [ 8.492447, -3.452766,  0.000084]
						}, 
						{
							"keytime":  0.084622, 
							"rotation": [-0.491325,  0.483907, -0.508176,  0.515936], 
							"translation": [ 8.492447, -3.452766,  0.000084]
						}, 
						{
							"keytime":  0.088468, 
							"rotation": [-0.493080,  0.485635, -0.506525,  0.514260], 
							"translation": [ 8.492447, -3.452774,  0.000085]
						}, 
						{
							"keytime":  0.092315, 
							"rotation": [-0.494979,  0.487506, -0.504725,  0.512432], 
							"translation": [ 8.492462, -3.452766,  0.000083]
						}, 
						{
							"keytime":  0.096161, 
							"rotation": [-0.496830,  0.489330, -0.502958,  0.510637], 
							"translation": [ 8.492447, -3.452763,  0.000084]
						}, 
						{
							"keytime":  0.100008, 
							"rotation": [-0.498584,  0.491057, -0.501271,  0.508925], 
							"translation": [ 8.492447, -3.452774,  0.000085]
						}, 
						{
							"keytime":  0.103854, 
							"rotation": [-0.500128,  0.492576, -0.499777,  0.507409], 
							"translation": [ 8.492462, -3.452774,  0.000084]
						}, 
						{
							"keytime":  0.107701, 
							"rotation": [-0.501177,  0.493609, -0.498756,  0.506373], 
							"translation": [ 8.492432, -3.452766,  0.000085]
						}, 
						{
							"keytime":  0.111547, 
							"rotation": [-0.501695,  0.494121, -0.498251,  0.505859], 
							"translation": [ 8.492462, -3.452766,  0.000084]
						}, 
						{
							"keytime":  0.115393, 
							"rotation": [-0.501815,  0.494240, -0.498134,  0.505739], 
							"translation": [ 8.492462, -3.452770,  0.000084]
						}, 
						{
							"keytime":  0.119240, 
							"rotation": [-0.501882,  0.494305, -0.498068,  0.505673], 
							"translation": [ 8.492462, -3.452766,  0.000084]
						}, 
						{
							"keytime":  0.123086, 
							"rotation": [-0.502074,  0.494495, -0.497880,  0.505482], 
							"translation": [ 8.492447, -3.452766,  0.000085]
						}, 
						{
							"keytime":  0.126933, 
							"rotation": [-0.502358,  0.494774, -0.497602,  0.505199], 
							"translation": [ 8.492462, -3.452766,  0.000085]
						}, 
						{
							"keytime":  0.130779, 
							"rotation": [-0.502714,  0.495124, -0.497254,  0.504846]
						}, 
						{
							"keytime":  0.134626, 
							"rotation": [-0.503120,  0.495524, -0.496855,  0.504441], 
							"translation": [ 8.492432, -3.452766,  0.000085]
						}, 
						{
							"keytime":  0.138472, 
							"rotation": [-0.503564,  0.495962, -0.496419,  0.503998], 
							"translation": [ 8.492462, -3.452763,  0.000084]
						}, 
						{
							"keytime":  0.142319, 
							"rotation": [-0.504032,  0.496422, -0.495958,  0.503530], 
							"translation": [ 8.492447, -3.452766,  0.000083]
						}, 
						{
							"keytime":  0.146165, 
							"rotation": [-0.504512,  0.496895, -0.495484,  0.503049], 
							"translation": [ 8.492447, -3.452770,  0.000084]
						}, 
						{
							"keytime":  0.150012, 
							"rotation": [-0.504995,  0.497372, -0.495006,  0.502564], 
							"translation": [ 8.492462, -3.452770,  0.000084]
						}, 
						{
							"keytime":  0.153858, 
							"rotation": [-0.505472,  0.497840, -0.494533,  0.502085], 
							"translation": [ 8.492447, -3.452770,  0.000084]
						}, 
						{
							"keytime":  0.157704, 
							"rotation": [-0.505933,  0.498296, -0.494076,  0.501619], 
							"translation": [ 8.492462, -3.452763,  0.000085]
						}, 
						{
							"keytime":  0.161551, 
							"rotation": [-0.506374,  0.498729, -0.493637,  0.501175], 
							"translation": [ 8.492447, -3.452766,  0.000084]
						}, 
						{
							"keytime":  0.165397, 
							"rotation": [-0.506786,  0.499135, -0.493227,  0.500758], 
							"translation": [ 8.492447, -3.452766,  0.000084]
						}, 
						{
							"keytime":  0.169244, 
							"rotation": [-0.507164,  0.499507, -0.492850,  0.500376], 
							"translation": [ 8.492462, -3.452766,  0.000085]
						}, 
						{
							"keytime":  0.173090, 
							"rotation": [-0.507502,  0.499840, -0.492512,  0.500032], 
							"translation": [ 8.492447, -3.452766,  0.000083]
						}, 
						{
							"keytime":  0.176937, 
							"rotation": [ 0.507794, -0.500128,  0.492220, -0.499736]
						}, 
						{
							"keytime":  0.180783, 
							"rotation": [ 0.508033, -0.500365,  0.491981, -0.499492], 
							"translation": [ 8.492447, -3.452766,  0.000084]
						}, 
						{
							"keytime":  0.184630, 
							"rotation": [ 0.508214, -0.500543,  0.491800, -0.499308], 
							"translation": [ 8.492462, -3.452763,  0.000084]
						}, 
						{
							"keytime":  0.188476, 
							"rotation": [ 0.508329, -0.500654,  0.491685, -0.499193], 
							"translation": [ 8.492447, -3.452766,  0.000084]
						}, 
						{
							"keytime":  0.192323, 
							"rotation": [ 0.508378, -0.500703,  0.491636, -0.499142], 
							"translation": [ 8.492462, -3.452766,  0.000083]
						}, 
						{
							"keytime":  0.196169, 
							"rotation": [ 0.508361, -0.500687,  0.491652, -0.499159], 
							"translation": [ 8.492462, -3.452763,  0.000085]
						}, 
						{
							"keytime":  0.200015, 
							"rotation": [ 0.508277, -0.500604,  0.491737, -0.499244], 
							"translation": [ 8.492447, -3.452766,  0.000084]
						}, 
						{
							"keytime":  0.203862, 
							"rotation": [ 0.508131, -0.500460,  0.491883, -0.499393], 
							"translation": [ 8.492447, -3.452770,  0.000085]
						}, 
						{
							"keytime":  0.207708, 
							"rotation": [ 0.507930, -0.500261,  0.492085, -0.499599]
						}, 
						{
							"keytime":  0.211555, 
							"rotation": [ 0.507677, -0.500013,  0.492337, -0.499855], 
							"translation": [ 8.492447, -3.452770,  0.000084]
						}, 
						{
							"keytime":  0.215401, 
							"rotation": [-0.507382,  0.499722, -0.492633,  0.500155], 
							"translation": [ 8.492447, -3.452766,  0.000084]
						}, 
						{
							"keytime":  0.219248, 
							"rotation": [-0.507048,  0.499393, -0.492966,  0.500494], 
							"translation": [ 8.492462, -3.452770,  0.000085]
						}, 
						{
							"keytime":  0.223094, 
							"rotation": [-0.506683,  0.499033, -0.493330,  0.500863], 
							"translation": [ 8.492447, -3.452766,  0.000084]
						}, 
						{
							"keytime":  0.226941, 
							"rotation": [-0.506293,  0.498649, -0.493719,  0.501257], 
							"translation": [ 8.492447, -3.452766,  0.000084]
						}, 
						{
							"keytime":  0.230787, 
							"rotation": [-0.505883,  0.498245, -0.494126,  0.501671], 
							"translation": [ 8.492462, -3.452763,  0.000085]
						}, 
						{
							"keytime":  0.234634, 
							"rotation": [-0.505460,  0.497829, -0.494545,  0.502097], 
							"translation": [ 8.492447, -3.452766,  0.000084]
						}, 
						{
							"keytime":  0.238480, 
							"translation": [ 8.492462, -3.452766,  0.000084]
						}, 
						{
							"keytime":  0.242326, 
							"rotation": [-0.504602,  0.496983, -0.495395,  0.502960], 
							"translation": [ 8.492432, -3.452766,  0.000085]
						}, 
						{
							"keytime":  0.246173, 
							"rotation": [-0.504178,  0.496566, -0.495814,  0.503384], 
							"translation": [ 8.492447, -3.452770,  0.000083]
						}, 
						{
							"keytime":  0.250019, 
							"rotation": [-0.503767,  0.496161, -0.496219,  0.503796], 
							"translation": [ 8.492447, -3.452766,  0.000085]
						}, 
						{
							"keytime":  0.253866, 
							"rotation": [-0.503373,  0.495774, -0.496606,  0.504189], 
							"translation": [ 8.492432, -3.452766,  0.000084]
						}, 
						{
							"keytime":  0.257712, 
							"rotation": [-0.503005,  0.495411, -0.496967,  0.504556], 
							"translation": [ 8.492447, -3.452766,  0.000084]
						}, 
						{
							"keytime":  0.261559, 
							"rotation": [-0.502668,  0.495079, -0.497299,  0.504891], 
							"translation": [ 8.492447, -3.452766,  0.000084]
						}, 
						{
							"keytime":  0.265405, 
							"rotation": [-0.502368,  0.494783, -0.497592,  0.505191], 
							"translation": [ 8.492447, -3.452770,  0.000084]
						}, 
						{
							"keytime":  0.269252, 
							"rotation": [-0.502111,  0.494531, -0.497844,  0.505446], 
							"translation": [ 8.492462, -3.452766,  0.000084]
						}, 
						{
							"keytime":  0.273098, 
							"rotation": [-0.501904,  0.494327, -0.498046,  0.505651], 
							"translation": [ 8.492447, -3.452766,  0.000085]
						}, 
						{
							"keytime":  0.276944, 
							"rotation": [-0.501753,  0.494178, -0.498194,  0.505801], 
							"translation": [ 8.492447, -3.452770,  0.000084]
						}, 
						{
							"keytime":  0.280791, 
							"rotation": [-0.501664,  0.494090, -0.498281,  0.505889], 
							"translation": [ 8.492462, -3.452766,  0.000085]
						}, 
						{
							"keytime":  0.284637, 
							"rotation": [-0.501644,  0.494069, -0.498301,  0.505911], 
							"translation": [ 8.492447, -3.452770,  0.000085]
						}, 
						{
							"keytime":  0.288484, 
							"rotation": [-0.501680,  0.494107, -0.498265,  0.505872], 
							"translation": [ 8.492447, -3.452766,  0.000084]
						}, 
						{
							"keytime":  0.292330, 
							"rotation": [-0.501760,  0.494185, -0.498187,  0.505794], 
							"translation": [ 8.492462, -3.452766,  0.000085]
						}, 
						{
							"keytime":  0.296177, 
							"rotation": [-0.501879,  0.494303, -0.498071,  0.505675], 
							"translation": [ 8.492447, -3.452770,  0.000086]
						}, 
						{
							"keytime":  0.300023, 
							"rotation": [-0.502034,  0.494455, -0.497919,  0.505522], 
							"translation": [ 8.492447, -3.452766,  0.000084]
						}, 
						{
							"keytime":  0.303869, 
							"rotation": [-0.502222,  0.494640, -0.497735,  0.505335], 
							"translation": [ 8.492462, -3.452763,  0.000085]
						}, 
						{
							"keytime":  0.307716, 
							"rotation": [-0.502440,  0.494856, -0.497522,  0.505117], 
							"translation": [ 8.492462, -3.452763,  0.000085]
						}, 
						{
							"keytime":  0.311562, 
							"rotation": [-0.502686,  0.495097, -0.497281,  0.504873]
						}, 
						{
							"keytime":  0.315409, 
							"rotation": [-0.502956,  0.495364, -0.497016,  0.504604], 
							"translation": [ 8.492462, -3.452770,  0.000085]
						}, 
						{
							"keytime":  0.319255, 
							"rotation": [-0.503247,  0.495650, -0.496730,  0.504314], 
							"translation": [ 8.492462, -3.452766,  0.000084]
						}, 
						{
							"keytime":  0.323102, 
							"rotation": [-0.503556,  0.495954, -0.496426,  0.504006], 
							"translation": [ 8.492447, -3.452770,  0.000085]
						}, 
						{
							"keytime":  0.326948, 
							"rotation": [-0.503881,  0.496274, -0.496106,  0.503681], 
							"translation": [ 8.492447, -3.452770,  0.000086]
						}, 
						{
							"keytime":  0.330795, 
							"rotation": [-0.504217,  0.496606, -0.495774,  0.503344], 
							"translation": [ 8.492477, -3.452766,  0.000084]
						}, 
						{
							"keytime":  0.334641, 
							"rotation": [-0.504564,  0.496946, -0.495433,  0.502998], 
							"translation": [ 8.492462, -3.452766,  0.000084]
						}, 
						{
							"keytime":  0.338487, 
							"rotation": [-0.504916,  0.497294, -0.495084,  0.502643], 
							"translation": [ 8.492432, -3.452766,  0.000085]
						}, 
						{
							"keytime":  0.342334, 
							"translation": [ 8.492462, -3.452763,  0.000085]
						}, 
						{
							"keytime":  0.346180, 
							"translation": [ 8.492447, -3.452774,  0.000084]
						}, 
						{
							"keytime":  0.350027, 
							"rotation": [-0.505983,  0.498343, -0.494027,  0.501571], 
							"translation": [ 8.492462, -3.452766,  0.000085]
						}, 
						{
							"keytime":  0.353873, 
							"rotation": [-0.506330,  0.498686, -0.493681,  0.501219], 
							"translation": [ 8.492462, -3.452766,  0.000083]
						}, 
						{
							"keytime":  0.357720, 
							"rotation": [-0.506670,  0.499021, -0.493343,  0.500876], 
							"translation": [ 8.492447, -3.452770,  0.000085]
						}, 
