{
	"version": "0.7", 
	"id": "", 
	"meshes": [], 
	"materials": [], 
	"nodes": [
		{
			"id": "IK Chain001", 
			"skeleton": false, 
			"transform": [ 1.000000,  0.000000,  0.000000,  0.000000,  0.000000,  0.000000, -1.000000,  0.000000,  0.000000,  1.000000,  0.000000,  0.000000,  2.364751,  14.556360, -6.566323,  1.000000]
		}, 
		{
			"id": "IK Chain002", 
			"skeleton": false, 
			"transform": [ 1.000000,  0.000000,  0.000000,  0.000000,  0.000000,  0.000000, -1.000000,  0.000000,  0.000000,  1.000000,  0.000000,  0.000000, -4.335202,  16.541901, -6.566325,  1.000000]
		}, 
		{
			"id": "IK Chain003", 
			"skeleton": false, 
			"transform": [ 1.000000,  0.000000,  0.000000,  0.000000,  0.000000,  0.000000, -1.000000,  0.000000,  0.000000,  1.000000,  0.000000,  0.000000, -4.335193,  1.953053,  8.884621,  1.000000]
		}, 
		{
			"id": "IK Chain004", 
			"skeleton": false, 
			"transform": [ 1.000000,  0.000000,  0.000000,  0.000000,  0.000000,  0.000000, -1.000000,  0.000000,  0.000000,  1.000000,  0.000000,  0.000000,  2.364748, -0.032486,  8.884625,  1.000000]
		}, 
		{
			"id": "root", 
			"skeleton": false, 
			"transform": [ 1.000000, -0.000000, -0.000000,  0.000000,  0.000000,  0.999994,  0.003339,  0.000000,  0.000000, -0.003339,  0.999994,  0.000000,  0.000000,  0.000000,  0.000000,  1.000000], 
			"children": [
				{
					"id": "Bone_spine00", 
					"skeleton": false, 
					"transform": [ 0.209073,  0.972143,  0.105954,  0.000000, -0.977631,  0.210325, -0.000652,  0.000000, -0.022918, -0.103448,  0.994371,  0.000000, -1.459589,  97.910835, -2.055681,  1.000000], 
					"children": [
						{
							"id": "Bone_spine01", 
							"skeleton": false, 
							"transform": [ 0.991722,  0.127551, -0.014770,  0.000000, -0.128077,  0.990833, -0.042971,  0.000000,  0.009153,  0.044507,  0.998967,  0.000000,  12.069237, -0.000004, -0.000011,  1.000000], 
							"children": [
								{
									"id": "Bone_spine02", 
									"skeleton": false, 
									"transform": [ 0.961486,  0.178670, -0.208857,  0.000000, -0.191453,  0.980581, -0.042510,  0.000000,  0.197206,  0.080859,  0.977022,  0.000000,  12.077499,  0.000007,  0.000014,  1.000000], 
									"children": [
										{
											"id": "Bone_spine03", 
											"skeleton": false, 
											"transform": [ 0.988594,  0.019371, -0.149355,  0.000000, -0.012297,  0.998765,  0.048142,  0.000000,  0.150103, -0.045757,  0.987611,  0.000000,  12.780777,  0.000120, -0.000019,  1.000000], 
											"children": [
												{
													"id": "Bone_neck", 
													"skeleton": false, 
													"transform": [ 0.804891,  0.020309,  0.593075,  0.000000,  0.093916,  0.982459, -0.161101,  0.000000, -0.585944,  0.185368,  0.788865,  0.000000,  14.347244,  0.000311,  0.000027,  1.000000], 
													"children": [
														{
															"id": "Bone_head", 
															"skeleton": false, 
															"transform": [ 0.998886,  0.038647, -0.027082,  0.000000, -0.019438, -0.185993, -0.982359,  0.000000, -0.043003,  0.981791, -0.185034,  0.000000,  5.685577, -0.000012,  0.000004,  1.000000], 
															"children": [
																{
																	"id": "nub11", 
																	"skeleton": false, 
																	"transform": [ 1.000000,  0.000000, -0.000032,  0.000000, -0.000000,  1.000000, -0.000004,  0.000000,  0.000032,  0.000004,  1.000000,  0.000000,  20.861404, -0.000004, -0.000332,  1.000000]
																}, 
																{
																	"id": "Bone_nose", 
																	"skeleton": false, 
																	"transform": [ 0.015180, -0.999885,  0.000029,  0.000000, -0.029418, -0.000476, -0.999567,  0.000000,  0.999452,  0.015173, -0.029422,  0.000000,  8.492462, -3.452766,  0.000084,  1.000000], 
																	"children": [
																		{
																			"id": "nub06", 
																			"skeleton": false, 
																			"transform": [ 1.000000,  0.000024,  0.000001,  0.000000, -0.000024,  1.000000, -0.000040,  0.000000, -0.000001,  0.000040,  1.000000,  0.000000,  5.805904,  0.000006,  0.000000,  1.000000]
																		}
																	]
																}, 
																{
																	"id": "Bone_jaw", 
																	"skeleton": false, 
																	"transform": [-0.451132, -0.892457, -0.000012,  0.000000, -0.036639,  0.018534, -0.999157,  0.000000,  0.891705, -0.450751, -0.041060,  0.000000,  4.732391, -3.238911,  0.000131,  1.000000], 
																	"children": [
																		{
																			"id": "nub02", 
																			"skeleton": false, 
																			"transform": [ 1.000000,  0.000077,  0.000001,  0.000000, -0.000077,  1.000000, -0.000045,  0.000000, -0.000001,  0.000045,  1.000000,  0.000000,  6.105614,  0.000000,  0.000000,  1.000000]
																		}
																	]
																}, 
																{
																	"id": "Point021", 
																	"skeleton": false, 
																	"transform": [-0.237185,  0.654103,  0.718257,  0.000000, -0.960037, -0.044748, -0.276274,  0.000000, -0.148571, -0.755081,  0.638576,  0.000000,  5.251846, -8.433907,  1.421956,  1.000000]
																}, 
																{
																	"id": "Point017", 
																	"skeleton": false, 
																	"transform": [ 0.000000,  0.000000, -1.000000,  0.000000,  0.965662,  0.259803,  0.000000,  0.000000,  0.259803, -0.965662, -0.000000,  0.000000,  4.889786, -7.435493,  2.518373,  1.000000]
																}, 
																{
																	"id": "Point014", 
																	"skeleton": false, 
																	"transform": [ 0.000000, -0.000000, -1.000000,  0.000000,  0.962441,  0.271491,  0.000000,  0.000000,  0.271491, -0.962441, -0.000000,  0.000000,  3.976547, -8.880116,  0.000104,  1.000000]
																}, 
																{
																	"id": "Point013", 
																	"skeleton": false, 
																	"transform": [ 0.000000,  0.000000, -1.000000,  0.000000,  0.967950,  0.251144,  0.000000,  0.000000,  0.251144, -0.967950, -0.000000,  0.000000,  5.592819, -9.083534,  0.000155,  1.000000]
																}, 
																{
																	"id": "Point020", 
																	"skeleton": false, 
																	"transform": [-0.237137,  0.654085, -0.718289,  0.000000,  0.960053,  0.044730, -0.276222,  0.000000, -0.148544, -0.755097, -0.638563,  0.000000,  5.251999, -8.433853, -1.421703,  1.000000]
																}, 
																{
																	"id": "Point018", 
																	"skeleton": false, 
																	"transform": [ 0.000000,  0.000000, -1.000000,  0.000000,  0.966125,  0.258074,  0.000000,  0.000000,  0.258074, -0.966125, -0.000000,  0.000000,  4.889954, -7.435501, -2.518110,  1.000000]
																}, 
																{
																	"id": "Point019", 
																	"skeleton": false, 
																	"transform": [ 0.476147,  0.535953, -0.697165,  0.000000,  0.878506, -0.254855,  0.404075,  0.000000,  0.038889, -0.804862, -0.592186,  0.000000,  4.141159, -8.278358, -1.421722,  1.000000]
																}, 
																{
																	"id": "Bone_hair00", 
																	"skeleton": false, 
																	"transform": [-0.153364, -0.250994,  0.955762,  0.000000, -0.978498, -0.096422, -0.182333,  0.000000,  0.137921, -0.963175, -0.230809,  0.000000,  21.637512,  3.042278,  0.731751,  1.000000], 
																	"children": [
																		{
																			"id": "Bone_hair01", 
																			"skeleton": false, 
																			"transform": [ 0.780418,  0.578247,  0.237859,  0.000000, -0.583080,  0.810409, -0.057053,  0.000000, -0.225754, -0.094166,  0.969623,  0.000000,  6.546059, -0.000153, -0.000011,  1.000000], 
																			"children": [
																				{
																					"id": "Bone_hair02", 
																					"skeleton": false, 
																					"transform": [ 0.819794,  0.556486, -0.135135,  0.000000, -0.567830,  0.820504, -0.065895,  0.000000,  0.074209,  0.130754,  0.988634,  0.000000,  5.385963,  0.000015,  0.000001,  1.000000], 
																					"children": [
																						{
																							"id": "Bone_hair03", 
																							"skeleton": false, 
																							"transform": [ 0.925746, -0.043027,  0.375690,  0.000000, -0.119782,  0.908980,  0.399259,  0.000000, -0.358673, -0.414613,  0.836331,  0.000000,  6.085800, -0.000002,  0.000008,  1.000000], 
																							"children": [
																								{
																									"id": "Bone_hair04", 
																									"skeleton": false, 
																									"transform": [ 0.564723,  0.780561,  0.267979,  0.000000, -0.721569,  0.624592, -0.298701,  0.000000, -0.400532, -0.024682,  0.915950,  0.000000,  6.013245,  0.000001,  0.000011,  1.000000], 
																									"children": [
																										{
																											"id": "nub03", 
																											"skeleton": false, 
																											"transform": [ 0.945966, -0.081946,  0.313740,  0.000000,  0.000000,  0.967541,  0.252712,  0.000000, -0.324266, -0.239057,  0.915261,  0.000000,  6.371971, -0.000061, -0.000015,  1.000000]
																										}
																									]
																								}
																							]
																						}
																					]
																				}
																			]
																		}
																	]
																}, 
																{
																	"id": "Bone_hair05", 
																	"skeleton": false, 
																	"transform": [ 0.702768,  0.194812,  0.684226,  0.000000, -0.658071, -0.187403,  0.729262,  0.000000,  0.270294, -0.962771, -0.003500,  0.000000,  17.526627, -3.533554, -2.454423,  1.000000], 
																	"children": [
																		{
																			"id": "Bone_hair06", 
																			"skeleton": false, 
																			"transform": [ 0.411773,  0.911031,  0.021585,  0.000000, -0.911245,  0.411866,  0.000162,  0.000000, -0.008742, -0.019736,  0.999767,  0.000000,  4.990173, -0.000031,  0.000000,  1.000000], 
																			"children": [
																				{
																					"id": "Bone_hair07", 
																					"skeleton": false, 
																					"transform": [ 0.602110,  0.788917,  0.122778,  0.000000, -0.795679,  0.605627,  0.010564,  0.000000, -0.066024, -0.104052,  0.992378,  0.000000,  6.566139,  0.000015,  0.000002,  1.000000], 
																					"children": [
																						{
																							"id": "Bone_hair08", 
																							"skeleton": false, 
																							"transform": [ 0.906960,  0.415926, -0.066541,  0.000000, -0.416234,  0.909204,  0.009838,  0.000000,  0.064591,  0.018774,  0.997735,  0.000000,  5.222946,  0.000004, -0.000001,  1.000000], 
																							"children": [
																								{
																									"id": "Bone_hair09", 
																									"skeleton": false, 
																									"transform": [ 0.966838,  0.214253, -0.138997,  0.000000, -0.194902,  0.970700,  0.140553,  0.000000,  0.165038, -0.108801,  0.980268,  0.000000,  5.881195, -0.000022, -0.000000,  1.000000], 
																									"children": [
																										{
																											"id": "Bone_hair10", 
																											"skeleton": false, 
																											"transform": [ 0.885026, -0.409725, -0.221030,  0.000000,  0.444770,  0.884399,  0.141486,  0.000000,  0.137508, -0.223526,  0.964950,  0.000000,  3.571289,  0.000046, -0.000004,  1.000000], 
																											"children": [
																												{
																													"id": "nub05", 
																													"skeleton": false, 
																													"transform": [ 0.977528,  0.041875, -0.206602,  0.000000, -0.000001,  0.980072,  0.198642,  0.000000,  0.210803, -0.194178,  0.958048,  0.000000,  3.893799, -0.000004, -0.000008,  1.000000]
																												}
																											]
																										}
																									]
																								}
																							]
																						}
																					]
																				}
																			]
																		}
																	]
																}, 
																{
																	"id": "Bone_hair11", 
																	"skeleton": false, 
																	"transform": [ 0.035179, -0.193638, -0.980442,  0.000000,  0.957406,  0.287866, -0.022501,  0.000000,  0.286593, -0.937890,  0.195517,  0.000000,  17.088730, -2.276817, -3.000123,  1.000000], 
																	"children": [
																		{
																			"id": "Bone_hair12", 
																			"skeleton": false, 
																			"transform": [ 0.626843, -0.659105, -0.415510,  0.000000,  0.414793, -0.169138,  0.894057,  0.000000, -0.659556, -0.732785,  0.167369,  0.000000,  2.505064,  0.000000, -0.000001,  1.000000], 
																			"children": [
																				{
																					"id": "Bone_hair13", 
																					"skeleton": false, 
																					"transform": [ 0.816845, -0.575502,  0.039511,  0.000000,  0.201314,  0.220210, -0.954453,  0.000000,  0.540589,  0.787594,  0.295734,  0.000000,  2.507217, -0.000008, -0.000008,  1.000000], 
																					"children": [
																						{
																							"id": "Bone_hair14", 
																							"skeleton": false, 
																							"transform": [ 0.912073, -0.125224, -0.390438,  0.000000,  0.139280,  0.990223,  0.007771,  0.000000,  0.385647, -0.061468,  0.920597,  0.000000,  3.639778, -0.000053, -0.000038,  1.000000], 
																							"children": [
																								{
																									"id": "Bone_hair15", 
																									"skeleton": false, 
																									"transform": [ 0.500336, -0.620566,  0.603789,  0.000000,  0.349310,  0.782757,  0.515048,  0.000000, -0.792241, -0.046788,  0.608412,  0.000000,  4.686222, -0.000008,  0.000000,  1.000000], 
																									"children": [
																										{
																											"id": "nub12", 
																											"skeleton": false, 
																											"transform": [ 1.000000, -0.000000, -0.000000,  0.000000,  0.000000,  1.000000,  0.000000,  0.000000,  0.000000, -0.000000,  1.000000,  0.000000,  1.889282,  0.000000, -0.000008,  1.000000]
																										}
																									]
																								}
																							]
																						}
																					]
																				}
																			]
																		}
																	]
																}, 
																{
																	"id": "Bone_hair16", 
																	"skeleton": false, 
																	"transform": [-0.747603, -0.146996, -0.647675,  0.000000,  0.624174,  0.177703, -0.760808,  0.000000,  0.226929, -0.973044, -0.041100,  0.000000,  18.990723,  4.192596, -4.508774,  1.000000], 
																	"children": [
																		{
																			"id": "Bone_hair17", 
																			"skeleton": false, 
																			"transform": [ 0.682392, -0.354276, -0.639398,  0.000000,  0.462861,  0.886426,  0.002835,  0.000000,  0.565774, -0.297887,  0.768871,  0.000000,  5.951637,  0.000000,  0.000004,  1.000000], 
																			"children": [
																				{
																					"id": "Bone_hair18", 
																					"skeleton": false, 
																					"transform": [ 0.845684, -0.358763,  0.395106,  0.000000,  0.362912,  0.929402,  0.067138,  0.000000, -0.391298,  0.086611,  0.916179,  0.000000,  6.088730,  0.000004,  0.000015,  1.000000], 
																					"children": [
																						{
																							"id": "Bone_hair19", 
																							"skeleton": false, 
																							"transform": [ 0.279516, -0.396387,  0.874499,  0.000000,  0.262434,  0.907661,  0.327537,  0.000000, -0.923579,  0.137946,  0.357731,  0.000000,  5.809006,  0.000019,  0.000000,  1.000000], 
																							"children": [
																								{
																									"id": "nub04", 
																									"skeleton": false, 
																									"transform": [ 0.622902,  0.105110, -0.775207,  0.000000, -0.116515,  0.992345,  0.040929,  0.000000,  0.773575,  0.064829,  0.630380,  0.000000,  7.437592, -0.000000,  0.000008,  1.000000]
																								}
																							]
																						}
																					]
																				}
																			]
																		}
																	]
																}, 
																{
																	"id": "Bone_L_lower_eye", 
																	"skeleton": false, 
																	"transform": [-0.316951, -0.918056, -0.238147,  0.000000, -0.945250,  0.326347, -0.000027,  0.000000,  0.077743,  0.225100, -0.971229,  0.000000,  10.114685, -4.100822, -3.657776,  1.000000], 
																	"children": [
																		{
																			"id": "nub16", 
																			"skeleton": false, 
																			"transform": [ 1.000000,  0.000007, -0.000001,  0.000000, -0.000007,  1.000000, -0.000000,  0.000000,  0.000001,  0.000000,  1.000000,  0.000000,  1.994576,  0.000008,  0.000042,  1.000000]
																		}
																	]
																}, 
																{
																	"id": "Bone_L_eye", 
																	"skeleton": false, 
																	"transform": [ 0.153771, -0.970962,  0.183267,  0.000000,  0.039132, -0.179343, -0.983008,  0.000000,  0.987331,  0.158330,  0.010418,  0.000000,  10.197479, -4.077236, -3.657777,  1.000000], 
																	"children": [
																		{
																			"id": "nub18", 
																			"skeleton": false, 
																			"transform": [ 1.000000, -0.000013,  0.000001,  0.000000,  0.000013,  1.000000, -0.000000,  0.000000, -0.000001,  0.000000,  1.000000,  0.000000,  1.754223, -0.000014,  0.000000,  1.000000]
																		}
																	]
																}, 
																{
																	"id": "Bone_L_upper_eye", 
																	"skeleton": false, 
																	"transform": [ 0.688535, -0.705397, -0.168331,  0.000000, -0.721655, -0.643517, -0.255149,  0.000000,  0.071658,  0.297156, -0.952136,  0.000000,  10.197479, -4.077236, -3.657776,  1.000000], 
																	"children": [
																		{
																			"id": "nub17", 
																			"skeleton": false, 
																			"transform": [ 1.000000, -0.000007,  0.000000,  0.000000,  0.000007,  1.000000,  0.000000,  0.000000, -0.000000, -0.000000,  1.000000,  0.000000,  1.754211, -0.000046,  0.000011,  1.000000]
																		}
																	]
																}, 
																{
																	"id": "Bone_R_lower_eye", 
																	"skeleton": false, 
																	"transform": [-0.316966, -0.918058,  0.238121,  0.000000,  0.945250, -0.326347,  0.000027,  0.000000,  0.077685,  0.225092,  0.971235,  0.000000,  10.114426, -4.100864,  3.657837,  1.000000], 
																	"children": [
																		{
																			"id": "nub15", 
																			"skeleton": false, 
																			"transform": [ 1.000000,  0.000000, -0.000000,  0.000000, -0.000000,  1.000000, -0.000000,  0.000000,  0.000000,  0.000000,  1.000000,  0.000000,  1.994553,  0.000015,  0.000044,  1.000000]
																		}
																	]
																}, 
																{
																	"id": "Bone_R_eye", 
																	"skeleton": false, 
																	"transform": [ 0.149937, -0.946744,  0.284947,  0.000000,  0.076724, -0.276194, -0.958034,  0.000000,  0.985714,  0.165507,  0.031226,  0.000000,  10.197235, -4.077271,  3.657837,  1.000000], 
																	"children": [
																		{
																			"id": "nub14", 
																			"skeleton": false, 
																			"transform": [ 1.000000, -0.000000, -0.000000,  0.000000,  0.000000,  1.000000, -0.000000,  0.000000,  0.000000,  0.000000,  1.000000,  0.000000,  1.754221,  0.000012,  0.000015,  1.000000]
																		}
																	]
																}, 
																{
																	"id": "Bone_R_upper_eye", 
																	"skeleton": false, 
																	"transform": [ 0.688525, -0.705398,  0.168367,  0.000000,  0.721670,  0.643519, -0.255101,  0.000000,  0.071600,  0.297149,  0.952143,  0.000000,  10.197220, -4.077274,  3.657837,  1.000000], 
																	"children": [
																		{
																			"id": "nub13", 
																			"skeleton": false, 
																			"transform": [ 1.000000, -0.000000, -0.000000,  0.000000,  0.000000,  1.000000, -0.000000,  0.000000,  0.000000,  0.000000,  1.000000,  0.000000,  1.754234,  0.000046,  0.000013,  1.000000]
																		}
																	]
																}
															]
														}
													]
												}, 
												{
													"id": "Bone_L_Calvicle", 
													"skeleton": false, 
													"transform": [ 0.358282, -0.925777,  0.120712,  0.000000,  0.890699,  0.377694,  0.252988,  0.000000, -0.279803,  0.016877,  0.959909,  0.000000,  5.798203, -3.432467, -5.143879,  1.000000], 
													"children": [
														{
															"id": "Bone_L_upper_arm", 
															"skeleton": false, 
															"transform": [-0.037469, -0.912590,  0.407155,  0.000000,  0.758697, -0.291151, -0.582760,  0.000000,  0.650365,  0.287072,  0.703289,  0.000000,  9.329544, -0.000015,  0.000000,  1.000000], 
															"children": [
																{
																	"id": "Bone_L_arm", 
																	"skeleton": false, 
																	"transform": [-0.125775, -0.320211,  0.938960,  0.000000, -0.990707,  0.089935, -0.102036,  0.000000, -0.051772, -0.943068, -0.328547,  0.000000,  24.375565,  0.000004,  0.000000,  1.000000], 
																	"children": [
																		{
																			"id": "Bone001", 
																			"skeleton": false, 
																			"transform": [ 0.973994,  0.113717, -0.195976,  0.000000, -0.225249,  0.579533, -0.783201,  0.000000,  0.024511,  0.806976,  0.590075,  0.000000,  16.890717,  0.000008, -0.000015,  1.000000], 
																			"children": [
																				{
																					"id": "Bone002", 
																					"skeleton": false, 
																					"transform": [ 0.969086,  0.081554, -0.232856,  0.000000, -0.246720,  0.314668, -0.916577,  0.000000, -0.001478,  0.945692,  0.325061,  0.000000,  3.602188, -0.000015,  0.000004,  1.000000]
																				}
																			]
																		}, 
																		{
																			"id": "Point029", 
																			"skeleton": false, 
																			"transform": [ 1.000000, -0.000000,  0.000000,  0.000000,  0.000000,  1.000000,  0.000000,  0.000000, -0.000000, -0.000000,  1.000000,  0.000000,  16.890747, -0.000008, -0.000168,  1.000000]
																		}, 
																		{
																			"id": "Point031", 
																			"skeleton": false, 
																			"transform": [ 1.000000, -0.000000,  0.000000,  0.000000,  0.000000,  1.000000,  0.000000,  0.000000, -0.000000, -0.000000,  1.000000,  0.000000,  20.492897, -0.000031, -0.000011,  1.000000]
																		}, 
																		{
																			"id": "Point032", 
																			"skeleton": false, 
																			"transform": [ 0.919352, -0.115514, -0.376100,  0.000000, -0.315372, -0.787907, -0.528910,  0.000000, -0.235235,  0.604864, -0.760791,  0.000000,  24.599312, -0.000008, -0.000031,  1.000000], 
																			"children": [
																				{
																					"id": "Bone_L_hand", 
																					"skeleton": false, 
																					"transform": [ 0.966114, -0.258115,  0.000000,  0.000000,  0.258115,  0.966114,  0.000000,  0.000000, -0.000000, -0.000000,  1.000001,  0.000000,  0.000015,  0.000015,  0.000000,  1.000000], 
																					"children": [
																						{
																							"id": "nub29", 
																							"skeleton": false, 
																							"transform": [ 1.000000, -0.000000,  0.000000,  0.000000,  0.000000,  1.000000, -0.000000,  0.000000, -0.000000,  0.000000,  1.000000,  0.000000,  7.125473,  0.000004,  0.000008,  1.000000], 
																							"children": [
																								{
																									"id": "Bone_L_thumb00", 
																									"skeleton": false, 
																									"transform": [ 0.350388, -0.459464,  0.816163,  0.000000, -0.766288,  0.360426,  0.531879,  0.000000, -0.538546, -0.811780, -0.225793,  0.000000, -6.511269, -0.472527,  1.341148,  1.000000], 
																									"children": [
																										{
																											"id": "Bone_L_thumb01", 
																											"skeleton": false, 
																											"transform": [ 0.909987, -0.376211, -0.174324,  0.000000,  0.411220,  0.872714,  0.263191,  0.000000,  0.053120, -0.311186,  0.948863,  0.000000,  3.074333,  0.000008,  0.000000,  1.000000], 
																											"children": [
																												{
																													"id": "Bone_L_thumb02", 
																													"skeleton": false, 
																													"transform": [ 0.989193,  0.108799, -0.098281,  0.000000, -0.137005,  0.924631, -0.355368,  0.000000,  0.052210,  0.364993,  0.929545,  0.000000,  2.640610,  0.000004,  0.000002,  1.000000], 
																													"children": [
																														{
																															"id": "nub22", 
																															"skeleton": false, 
																															"transform": [ 0.995249, -0.050870,  0.083017,  0.000000,  0.051043,  0.998696,  0.000034,  0.000000, -0.082911,  0.004204,  0.996548,  0.000000,  2.793457,  0.000004, -0.000002,  1.000000]
																														}
																													]
																												}
																											]
																										}
																									]
																								}, 
																								{
																									"id": "Bone_L_finger00", 
																									"skeleton": false, 
																									"transform": [ 0.811901, -0.579889,  0.067413,  0.000000,  0.583778,  0.805573, -0.101271,  0.000000,  0.004420,  0.121576,  0.992572,  0.000000,  0.297218,  0.150558,  2.377625,  1.000000], 
																									"children": [
																										{
																											"id": "Bone_L_finger01", 
																											"skeleton": false, 
																											"transform": [ 0.856063, -0.516872, -0.000000,  0.000000,  0.516871,  0.856063,  0.000000,  0.000000, -0.000000, -0.000000,  1.000000,  0.000000,  3.370514,  0.000000, -0.000000,  1.000000], 
																											"children": [
																												{
																													"id": "Bone_L_finger02", 
																													"skeleton": false, 
																													"transform": [ 0.970993,  0.239108,  0.000000,  0.000000, -0.239108,  0.970993, -0.000000,  0.000000, -0.000000,  0.000000,  1.000000,  0.000000,  2.620354,  0.000008, -0.000027,  1.000000], 
																													"children": [
																														{
																															"id": "nub21", 
																															"skeleton": false, 
																															"transform": [ 1.000000, -0.000000, -0.000000,  0.000000,  0.000000,  1.000000, -0.000000,  0.000000,  0.000000,  0.000000,  1.000000,  0.000000,  2.115532,  0.000000, -0.000008,  1.000000]
																														}
																													]
																												}
																											]
																										}
																									]
																								}, 
																								{
																									"id": "Bone_L_finger03", 
																									"skeleton": false, 
																									"transform": [ 0.590482, -0.804407, -0.065271,  0.000000,  0.806419,  0.584887,  0.087164,  0.000000, -0.031939, -0.104104,  0.994053,  0.000000,  0.395630, -0.091904,  0.475365,  1.000000], 
																									"children": [
																										{
																											"id": "Bone_L_finger04", 
																											"skeleton": false, 
																											"transform": [-0.144213, -0.989547, -0.000000,  0.000000,  0.989546, -0.144213,  0.000000,  0.000000, -0.000000, -0.000000,  1.000000,  0.000000,  3.511086,  0.000000, -0.000015,  1.000000], 
																											"children": [
																												{
																													"id": "Bone_L_finger05", 
																													"skeleton": false, 
																													"transform": [ 0.509247, -0.860621, -0.000000,  0.000000,  0.860621,  0.509247, -0.000000,  0.000000,  0.000000, -0.000000,  1.000000,  0.000000,  2.144859,  0.000008,  0.000008,  1.000000], 
																													"children": [
																														{
																															"id": "nub19", 
																															"skeleton": false, 
																															"transform": [ 1.000000, -0.000001, -0.000000,  0.000000,  0.000001,  1.000000, -0.000000,  0.000000,  0.000000,  0.000000,  1.000000,  0.000000,  2.454323,  0.000002, -0.000008,  1.000000]
																														}
																													]
																												}
																											]
																										}
																									]
																								}, 
																								{
																									"id": "Bone_L_finger06", 
																									"skeleton": false, 
																									"transform": [ 0.658350, -0.738002,  0.148080,  0.000000,  0.750729,  0.629512, -0.200303,  0.000000,  0.054606,  0.243037,  0.968478,  0.000000,  0.202408, -0.693825, -3.043289,  1.000000], 
																									"children": [
																										{
																											"id": "Bone_L_finger07", 
																											"skeleton": false, 
																											"transform": [-0.193520, -0.981096, -0.000000,  0.000000,  0.981096, -0.193520,  0.000000,  0.000000, -0.000000, -0.000000,  1.000000,  0.000000,  2.706566,  0.000008,  0.000023,  1.000000], 
																											"children": [
																												{
																													"id": "Bone_L_finger08", 
																													"skeleton": false, 
																													"transform": [ 0.406964, -0.913444,  0.000000,  0.000000,  0.913444,  0.406965,  0.000000,  0.000000, -0.000000, -0.000000,  1.000000,  0.000000,  2.004532,  0.000000, -0.000008,  1.000000], 
																													"children": [
																														{
																															"id": "nub28", 
																															"skeleton": false, 
																															"transform": [ 1.000000, -0.000001, -0.000000,  0.000000,  0.000001,  1.000000, -0.000000,  0.000000,  0.000000,  0.000000,  1.000000,  0.000000,  1.873291,  0.000025,  0.000004,  1.000000]
																														}
																													]
																												}
																											]
																										}
																									]
																								}, 
																								{
																									"id": "Bone_L_finger09", 
																									"skeleton": false, 
																									"transform": [ 0.712399, -0.697658,  0.075907,  0.000000,  0.701662,  0.706165, -0.094883,  0.000000,  0.012593,  0.120856,  0.992590,  0.000000,  0.370148, -0.336441, -1.533356,  1.000000], 
																									"children": [
																										{
																											"id": "Bone_L_finger10", 
																											"skeleton": false, 
																											"transform": [-0.392645, -0.919690, -0.000000,  0.000000,  0.919690, -0.392645,  0.000000,  0.000000, -0.000000, -0.000000,  1.000000,  0.000000,  3.330002, -0.000011,  0.000015,  1.000000], 
																											"children": [
																												{
																													"id": "Bone_L_finger11", 
																													"skeleton": false, 
																													"transform": [ 0.541104, -0.840956, -0.000000,  0.000000,  0.840956,  0.541104, -0.000000,  0.000000,  0.000000,  0.000000,  1.000000,  0.000000,  2.279633,  0.000000,  0.000000,  1.000000], 
																													"children": [
																														{
																															"id": "nub20", 
																															"skeleton": false, 
																															"transform": [ 1.000000, -0.000000, -0.000000,  0.000000,  0.000000,  1.000000, -0.000001,  0.000000,  0.000000,  0.000001,  1.000000,  0.000000,  2.504623,  0.000019,  0.000004,  1.000000]
																														}
																													]
																												}
																											]
																										}
																									]
																								}
																							]
																						}, 
																						{
																							"id": "Bone_ball", 
																							"skeleton": false, 
																							"transform": [ 0.218718,  0.828672,  0.515235,  0.000000,  0.695029, -0.502916,  0.513818,  0.000000,  0.684906,  0.245722, -0.685947,  0.000000,  6.862854, -3.911785,  3.650139,  1.000000]
																						}
																					]
																				}
																			]
																		}
																	]
																}, 
																{
																	"id": "Point030", 
																	"skeleton": false, 
																	"transform": [ 0.998558,  0.037796,  0.038134,  0.000000, -0.047424,  0.953893,  0.296378,  0.000000, -0.025174, -0.297758,  0.954309,  0.000000,  24.375557,  0.000008, -0.000031,  1.000000]
																}
															]
														}
													]
												}, 
												{
													"id": "Bone_R_Calvicle", 
													"skeleton": false, 
													"transform": [ 0.326966,  0.944981, -0.010147,  0.000000, -0.760445,  0.256711, -0.596508,  0.000000, -0.561085,  0.202755,  0.802543,  0.000000,  5.798233,  3.431604, -5.144230,  1.000000], 
													"children": [
														{
															"id": "Bone_R_upper_arm", 
															"skeleton": false, 
															"transform": [-0.135763,  0.900923, -0.412196,  0.000000, -0.511744, -0.420018, -0.749468,  0.000000, -0.848343,  0.109189,  0.518065,  0.000000,  9.329529,  0.000046,  0.000027,  1.000000], 
															"children": [
																{
																	"id": "Bone_R_arm", 
																	"skeleton": false, 
																	"transform": [ 0.335364, -0.466347,  0.818567,  0.000000,  0.917083,  0.360462, -0.170367,  0.000000, -0.215612,  0.807829,  0.548565,  0.000000,  24.375572, -0.000015,  0.000000,  1.000000], 
																	"children": [
																		{
																			"id": "Bone_R_hand", 
																			"skeleton": false, 
																			"transform": [ 0.331860,  0.942978, -0.025723,  0.000000, -0.943318,  0.331862, -0.004323,  0.000000,  0.004460,  0.025700,  0.999660,  0.000000,  24.599289, -0.000034,  0.000011,  1.000000], 
																			"children": [
																				{
																					"id": "nub30", 
																					"skeleton": false, 
																					"transform": [ 1.000000,  0.000002,  0.000000,  0.000000, -0.000002,  1.000000, -0.000000,  0.000000, -0.000000,  0.000000,  1.000000,  0.000000,  7.125477,  0.000008,  0.000000,  1.000000], 
																					"children": [
																						{
																							"id": "Bone_R_04", 
																							"skeleton": false, 
																							"transform": [ 0.646925,  0.242431,  0.722991,  0.000000,  0.612743,  0.399104, -0.682102,  0.000000, -0.453910,  0.884275,  0.109642,  0.000000, -6.511288,  0.472542,  1.341171,  1.000000], 
																							"children": [
																								{
																									"id": "Bone_R_05", 
																									"skeleton": false, 
																									"transform": [ 0.582462,  0.762165, -0.282564,  0.000000, -0.811121,  0.567686, -0.140769,  0.000000,  0.053119,  0.311186,  0.948864,  0.000000,  3.074349,  0.000004, -0.000008,  1.000000], 
																									"children": [
																										{
																											"id": "Bone_R_06", 
																											"skeleton": false, 
																											"transform": [ 0.927543,  0.367488,  0.067951,  0.000000, -0.371806,  0.889048,  0.267124,  0.000000,  0.037753, -0.273034,  0.961263,  0.000000,  2.640617,  0.000008,  0.000000,  1.000000], 
																											"children": [
																												{
																													"id": "nub26", 
																													"skeleton": false, 
																													"transform": [ 0.995248,  0.050870,  0.083018,  0.000000, -0.051044,  0.998696, -0.000034,  0.000000, -0.082911, -0.004204,  0.996548,  0.000000,  2.793434, -0.000009,  0.000015,  1.000000]
																												}
																											]
																										}
																									]
																								}
																							]
																						}, 
																						{
																							"id": "Bone_R_finger00", 
																							"skeleton": false, 
																							"transform": [ 0.632891,  0.756443,  0.165054,  0.000000, -0.773536,  0.626872,  0.093133,  0.000000, -0.033018, -0.186618,  0.981877,  0.000000,  0.202374,  0.693802, -3.043268,  1.000000], 
																							"children": [
																								{
																									"id": "Bone_R_finger01", 
																									"skeleton": false, 
																									"transform": [ 0.707106,  0.707107,  0.000000,  0.000000, -0.707108,  0.707106,  0.000000,  0.000000, -0.000000, -0.000000,  1.000000,  0.000000,  2.706573, -0.000008,  0.000012,  1.000000], 
																									"children": [
																										{
																											"id": "Bone_R_finger02", 
																											"skeleton": false, 
																											"transform": [ 0.707107,  0.707106, -0.000000,  0.000000, -0.707106,  0.707107,  0.000000,  0.000000,  0.000000,  0.000000,  1.000000,  0.000000,  2.004509,  0.000004, -0.000025,  1.000000], 
																											"children": [
																												{
																													"id": "nub27", 
																													"skeleton": false, 
																													"transform": [ 1.000000,  0.000002, -0.000000,  0.000000, -0.000002,  1.000000,  0.000000,  0.000000,  0.000000, -0.000000,  1.000000,  0.000000,  1.873314, -0.000034,  0.000006,  1.000000]
																												}
																											]
																										}
																									]
																								}
																							]
																						}, 
																						{
																							"id": "Bone_R_finger03", 
																							"skeleton": false, 
																							"transform": [ 0.640014,  0.749116,  0.170900,  0.000000, -0.767139,  0.635538,  0.087116,  0.000000, -0.043354, -0.186859,  0.981430,  0.000000,  0.370121,  0.336456, -1.533319,  1.000000], 
																							"children": [
																								{
																									"id": "Bone_R_finger04", 
																									"skeleton": false, 
																									"transform": [ 0.707106,  0.707108,  0.000000,  0.000000, -0.707108,  0.707106, -0.000000,  0.000000, -0.000000,  0.000000,  1.000000,  0.000000,  3.329979,  0.000008,  0.000008,  1.000000], 
																									"children": [
																										{
																											"id": "Bone_R_finger05", 
																											"skeleton": false, 
																											"transform": [ 0.707108,  0.707106, -0.000000,  0.000000, -0.707106,  0.707108,  0.000000,  0.000000,  0.000000,  0.000000,  1.000000,  0.000000,  2.279617,  0.000008, -0.000004,  1.000000], 
																											"children": [
																												{
																													"id": "nub25", 
																													"skeleton": false, 
