{
	"version": "0.7", 
	"id": "", 
	"meshes": [], 
	"materials": [], 
	"nodes": [
		{
			"id": "IK Chain001", 
			"skeleton": false, 
			"transform": [ 1.000000,  0.000000,  0.000000,  0.000000,  0.000000,  0.000000, -1.000000,  0.000000,  0.000000,  1.000000,  0.000000,  0.000000,  2.364751,  14.556360, -6.566323,  1.000000]
		}, 
		{
			"id": "IK Chain002", 
			"skeleton": false, 
			"transform": [ 1.000000,  0.000000,  0.000000,  0.000000,  0.000000,  0.000000, -1.000000,  0.000000,  0.000000,  1.000000,  0.000000,  0.000000, -4.335202,  16.541901, -6.566325,  1.000000]
		}, 
		{
			"id": "IK Chain003", 
			"skeleton": false, 
			"transform": [ 1.000000,  0.000000,  0.000000,  0.000000,  0.000000,  0.000000, -1.000000,  0.000000,  0.000000,  1.000000,  0.000000,  0.000000, -4.335193,  1.953053,  8.884621,  1.000000]
		}, 
		{
			"id": "IK Chain004", 
			"skeleton": false, 
			"transform": [ 1.000000,  0.000000,  0.000000,  0.000000,  0.000000,  0.000000, -1.000000,  0.000000,  0.000000,  1.000000,  0.000000,  0.000000,  2.364748, -0.032486,  8.884625,  1.000000]
		}, 
		{
			"id": "root", 
			"skeleton": false, 
			"transform": [ 1.000000, -0.000000, -0.000000,  0.000000,  0.000000,  0.999994,  0.003339,  0.000000,  0.000000, -0.003339,  0.999994,  0.000000,  0.000000,  0.000000,  0.000000,  1.000000], 
			"children": [
				{
					"id": "Bone_spine00", 
					"skeleton": false, 
					"transform": [ 0.209073,  0.972143,  0.105954,  0.000000, -0.977631,  0.210325, -0.000652,  0.000000, -0.022918, -0.103448,  0.994371,  0.000000, -1.459589,  97.910835, -2.055681,  1.000000], 
					"children": [
						{
							"id": "Bone_spine01", 
							"skeleton": false, 
							"transform": [ 0.991722,  0.127551, -0.014770,  0.000000, -0.128077,  0.990833, -0.042971,  0.000000,  0.009153,  0.044507,  0.998967,  0.000000,  12.069237, -0.000004, -0.000011,  1.000000], 
							"children": [
								{
									"id": "Bone_spine02", 
									"skeleton": false, 
									"transform": [ 0.961486,  0.178670, -0.208857,  0.000000, -0.191453,  0.980581, -0.042510,  0.000000,  0.197206,  0.080859,  0.977022,  0.000000,  12.077484,  0.000004,  0.000014,  1.000000], 
									"children": [
										{
											"id": "Bone_spine03", 
											"skeleton": false, 
											"transform": [ 0.988594,  0.019371, -0.149354,  0.000000, -0.012297,  0.998765,  0.048142,  0.000000,  0.150102, -0.045756,  0.987611,  0.000000,  12.780777,  0.000120, -0.000017,  1.000000], 
											"children": [
												{
													"id": "Bone_neck", 
													"skeleton": false, 
													"transform": [ 0.804889,  0.020312,  0.593078,  0.000000,  0.093997,  0.982433, -0.161214,  0.000000, -0.585934,  0.185506,  0.788840,  0.000000,  14.347229,  0.000311,  0.000023,  1.000000], 
													"children": [
														{
															"id": "Bone_head", 
															"skeleton": false, 
															"transform": [ 0.998886,  0.038649, -0.027080,  0.000000, -0.019430, -0.186132, -0.982333,  0.000000, -0.043007,  0.981764, -0.185173,  0.000000,  5.685593, -0.000011,  0.000004,  1.000000], 
															"children": [
																{
																	"id": "nub11", 
																	"skeleton": false, 
																	"transform": [ 1.000000,  0.000000, -0.000032,  0.000000, -0.000000,  1.000000, -0.000004,  0.000000,  0.000032,  0.000004,  1.000000,  0.000000,  20.861389, -0.000008, -0.000331,  1.000000]
																}, 
																{
																	"id": "Bone_nose", 
																	"skeleton": false, 
																	"transform": [ 0.015182, -0.999885,  0.000029,  0.000000, -0.029312, -0.000474, -0.999570,  0.000000,  0.999455,  0.015175, -0.029316,  0.000000,  8.492447, -3.452763,  0.000084,  1.000000], 
																	"children": [
																		{
																			"id": "nub06", 
																			"skeleton": false, 
																			"transform": [ 1.000000,  0.000024,  0.000001,  0.000000, -0.000024,  1.000000, -0.000040,  0.000000, -0.000001,  0.000040,  1.000000,  0.000000,  5.805908,  0.000006,  0.000000,  1.000000]
																		}
																	]
																}, 
																{
																	"id": "Bone_jaw", 
																	"skeleton": false, 
																	"transform": [-0.451130, -0.892458, -0.000012,  0.000000, -0.036507,  0.018467, -0.999163,  0.000000,  0.891711, -0.450752, -0.040912,  0.000000,  4.732361, -3.238918,  0.000131,  1.000000], 
																	"children": [
																		{
																			"id": "nub02", 
																			"skeleton": false, 
																			"transform": [ 1.000000,  0.000077,  0.000001,  0.000000, -0.000077,  1.000000, -0.000045,  0.000000, -0.000001,  0.000045,  1.000000,  0.000000,  6.105576,  0.000000,  0.000008,  1.000000]
																		}
																	]
																}, 
																{
																	"id": "Point021", 
																	"skeleton": false, 
																	"transform": [-0.237184,  0.654103,  0.718257,  0.000000, -0.960036, -0.044748, -0.276274,  0.000000, -0.148571, -0.755081,  0.638576,  0.000000,  5.251831, -8.433907,  1.421957,  1.000000]
																}, 
																{
																	"id": "Point017", 
																	"skeleton": false, 
																	"transform": [ 0.000000,  0.000000, -1.000000,  0.000000,  0.965662,  0.259803,  0.000000,  0.000000,  0.259803, -0.965662,  0.000000,  0.000000,  4.889740, -7.435509,  2.518374,  1.000000]
																}, 
																{
																	"id": "Point014", 
																	"skeleton": false, 
																	"transform": [ 0.000000,  0.000000, -1.000000,  0.000000,  0.962441,  0.271491,  0.000000,  0.000000,  0.271491, -0.962441, -0.000000,  0.000000,  3.976532, -8.880119,  0.000104,  1.000000]
																}, 
																{
																	"id": "Point013", 
																	"skeleton": false, 
																	"transform": [ 0.000000,  0.000000, -1.000000,  0.000000,  0.967950,  0.251144,  0.000000,  0.000000,  0.251144, -0.967950,  0.000000,  0.000000,  5.592804, -9.083538,  0.000156,  1.000000]
																}, 
																{
																	"id": "Point020", 
																	"skeleton": false, 
																	"transform": [-0.237137,  0.654085, -0.718289,  0.000000,  0.960053,  0.044730, -0.276222,  0.000000, -0.148544, -0.755097, -0.638563,  0.000000,  5.251984, -8.433861, -1.421702,  1.000000]
																}, 
																{
																	"id": "Point018", 
																	"skeleton": false, 
																	"transform": [ 0.000000, -0.000000, -1.000000,  0.000000,  0.966125,  0.258074,  0.000000,  0.000000,  0.258074, -0.966125, -0.000000,  0.000000,  4.889938, -7.435509, -2.518109,  1.000000]
																}, 
																{
																	"id": "Point019", 
																	"skeleton": false, 
																	"transform": [ 0.476146,  0.535953, -0.697165,  0.000000,  0.878506, -0.254855,  0.404075,  0.000000,  0.038889, -0.804862, -0.592186,  0.000000,  4.141113, -8.278370, -1.421721,  1.000000]
																}, 
																{
																	"id": "Bone_hair00", 
																	"skeleton": false, 
																	"transform": [-0.152685, -0.256565,  0.954391,  0.000000, -0.978479, -0.096390, -0.182451,  0.000000,  0.138804, -0.961709, -0.236326,  0.000000,  21.637512,  3.042278,  0.731750,  1.000000], 
																	"children": [
																		{
																			"id": "Bone_hair01", 
																			"skeleton": false, 
																			"transform": [ 0.804546,  0.538196,  0.251100,  0.000000, -0.546169,  0.836566, -0.043083,  0.000000, -0.233249, -0.102480,  0.967002,  0.000000,  6.546059, -0.000168, -0.000008,  1.000000], 
																			"children": [
																				{
																					"id": "Bone_hair02", 
																					"skeleton": false, 
																					"transform": [ 0.801557,  0.584421, -0.126327,  0.000000, -0.594454,  0.801633, -0.063315,  0.000000,  0.064265,  0.125846,  0.989966,  0.000000,  5.385956,  0.000023,  0.000000,  1.000000], 
																					"children": [
																						{
																							"id": "Bone_hair03", 
																							"skeleton": false, 
																							"transform": [ 0.921475,  0.054081,  0.384655,  0.000000, -0.200286,  0.914624,  0.351211,  0.000000, -0.332821, -0.400673,  0.853634,  0.000000,  6.085785, -0.000002,  0.000000,  1.000000], 
																							"children": [
																								{
																									"id": "Bone_hair04", 
																									"skeleton": false, 
																									"transform": [ 0.631958,  0.725145,  0.273484,  0.000000, -0.655644,  0.688392, -0.310237,  0.000000, -0.413231,  0.016748,  0.910472,  0.000000,  6.013245,  0.000004,  0.000000,  1.000000], 
																									"children": [
																										{
																											"id": "nub03", 
																											"skeleton": false, 
																											"transform": [ 0.945966, -0.081946,  0.313741,  0.000000,  0.000000,  0.967541,  0.252713,  0.000000, -0.324266, -0.239057,  0.915262,  0.000000,  6.371971, -0.000031, -0.000015,  1.000000]
																										}
																									]
																								}
																							]
																						}
																					]
																				}
																			]
																		}
																	]
																}, 
																{
																	"id": "Bone_hair05", 
																	"skeleton": false, 
																	"transform": [ 0.706812,  0.193664,  0.680376,  0.000000, -0.654369, -0.186382,  0.732846,  0.000000,  0.268736, -0.963201, -0.005009,  0.000000,  17.526566, -3.533566, -2.454423,  1.000000], 
																	"children": [
																		{
																			"id": "Bone_hair06", 
																			"skeleton": false, 
																			"transform": [ 0.410849,  0.911270,  0.028129,  0.000000, -0.911623,  0.411028, -0.000640,  0.000000, -0.012145, -0.025380,  0.999604,  0.000000,  4.990158, -0.000008,  0.000002,  1.000000], 
																			"children": [
																				{
																					"id": "Bone_hair07", 
																					"skeleton": false, 
																					"transform": [ 0.634882,  0.761690,  0.129435,  0.000000, -0.769469,  0.638454,  0.017142,  0.000000, -0.069581, -0.110479,  0.991440,  0.000000,  6.566124,  0.000000,  0.000000,  1.000000], 
																					"children": [
																						{
																							"id": "Bone_hair08", 
																							"skeleton": false, 
																							"transform": [ 0.849857,  0.523238, -0.062964,  0.000000, -0.523752,  0.851819,  0.009371,  0.000000,  0.058538,  0.025013,  0.997972,  0.000000,  5.222931, -0.000000, -0.000000,  1.000000], 
																							"children": [
																								{
																									"id": "Bone_hair09", 
																									"skeleton": false, 
																									"transform": [ 0.957703,  0.262487, -0.117924,  0.000000, -0.250023,  0.961905,  0.110576,  0.000000,  0.142456, -0.076415,  0.986847,  0.000000,  5.881195, -0.000025, -0.000001,  1.000000], 
																									"children": [
																										{
																											"id": "Bone_hair10", 
																											"skeleton": false, 
																											"transform": [ 0.814144, -0.535790, -0.223828,  0.000000,  0.554396,  0.831870,  0.025248,  0.000000,  0.172669, -0.144645,  0.974302,  0.000000,  3.571289,  0.000050, -0.000004,  1.000000], 
																											"children": [
																												{
																													"id": "nub05", 
																													"skeleton": false, 
																													"transform": [ 0.977529,  0.041875, -0.206602,  0.000000, -0.000001,  0.980072,  0.198642,  0.000000,  0.210803, -0.194178,  0.958049,  0.000000,  3.893814,  0.000002,  0.000000,  1.000000]
																												}
																											]
																										}
																									]
																								}
																							]
																						}
																					]
																				}
																			]
																		}
																	]
																}, 
																{
																	"id": "Bone_hair11", 
																	"skeleton": false, 
																	"transform": [ 0.032198, -0.187267, -0.981781,  0.000000,  0.957340,  0.288002, -0.023537,  0.000000,  0.287163, -0.939141,  0.188551,  0.000000,  17.088760, -2.276821, -3.000123,  1.000000], 
																	"children": [
																		{
																			"id": "Bone_hair12", 
																			"skeleton": false, 
																			"transform": [ 0.628224, -0.653227, -0.422646,  0.000000,  0.420497, -0.171985,  0.890844,  0.000000, -0.654612, -0.737371,  0.166635,  0.000000,  2.505064,  0.000000, -0.000000,  1.000000], 
																			"children": [
																				{
																					"id": "Bone_hair13", 
																					"skeleton": false, 
																					"transform": [ 0.817351, -0.575176,  0.033318,  0.000000,  0.193668,  0.219826, -0.956122,  0.000000,  0.542615,  0.787939,  0.291068,  0.000000,  2.507210, -0.000004,  0.000008,  1.000000], 
																					"children": [
																						{
																							"id": "Bone_hair14", 
																							"skeleton": false, 
																							"transform": [ 0.913287, -0.121566, -0.388753,  0.000000,  0.131904,  0.991263, -0.000097,  0.000000,  0.385368, -0.051189,  0.921342,  0.000000,  3.639771, -0.000046, -0.000038,  1.000000], 
																							"children": [
																								{
																									"id": "Bone_hair15", 
																									"skeleton": false, 
																									"transform": [ 0.509278, -0.620550,  0.596284,  0.000000,  0.395079,  0.784125,  0.478603,  0.000000, -0.764558, -0.008163,  0.644504,  0.000000,  4.686220,  0.000015, -0.000015,  1.000000], 
																									"children": [
																										{
																											"id": "nub12", 
																											"skeleton": false, 
																											"transform": [ 1.000000, -0.000000, -0.000000,  0.000000,  0.000000,  1.000000,  0.000000,  0.000000,  0.000000, -0.000000,  1.000000,  0.000000,  1.889221, -0.000003, -0.000015,  1.000000]
																										}
																									]
																								}
																							]
																						}
																					]
																				}
																			]
																		}
																	]
																}, 
																{
																	"id": "Bone_hair16", 
																	"skeleton": false, 
																	"transform": [-0.747744, -0.142765, -0.648457,  0.000000,  0.625116,  0.177885, -0.759992,  0.000000,  0.223851, -0.973640, -0.043768,  0.000000,  18.990677,  4.192589, -4.508775,  1.000000], 
																	"children": [
																		{
																			"id": "Bone_hair17", 
																			"skeleton": false, 
																			"transform": [ 0.678667, -0.353345, -0.643862,  0.000000,  0.462378,  0.886683,  0.000771,  0.000000,  0.570629, -0.298231,  0.765141,  0.000000,  5.951622, -0.000015, -0.000002,  1.000000], 
																			"children": [
																				{
																					"id": "Bone_hair18", 
																					"skeleton": false, 
																					"transform": [ 0.847407, -0.361708,  0.388677,  0.000000,  0.368188,  0.927771,  0.060659,  0.000000, -0.382544,  0.091703,  0.919375,  0.000000,  6.088730, -0.000008, -0.000008,  1.000000], 
																					"children": [
																						{
																							"id": "Bone_hair19", 
																							"skeleton": false, 
																							"transform": [ 0.280348, -0.400598,  0.872311,  0.000000,  0.306232,  0.898593,  0.314250,  0.000000, -0.909740,  0.179031,  0.374594,  0.000000,  5.808990,  0.000018,  0.000000,  1.000000], 
																							"children": [
																								{
																									"id": "nub04", 
																									"skeleton": false, 
																									"transform": [ 0.622902,  0.105110, -0.775206,  0.000000, -0.116515,  0.992345,  0.040929,  0.000000,  0.773575,  0.064829,  0.630381,  0.000000,  7.437599,  0.000000,  0.000000,  1.000000]
																								}
																							]
																						}
																					]
																				}
																			]
																		}
																	]
																}, 
																{
																	"id": "Bone_L_lower_eye", 
																	"skeleton": false, 
																	"transform": [-0.316951, -0.918056, -0.238147,  0.000000, -0.945250,  0.326347, -0.000027,  0.000000,  0.077743,  0.225100, -0.971229,  0.000000,  10.114639, -4.100822, -3.657777,  1.000000], 
																	"children": [
																		{
																			"id": "nub16", 
																			"skeleton": false, 
																			"transform": [ 1.000000,  0.000007, -0.000001,  0.000000, -0.000007,  1.000000, -0.000000,  0.000000,  0.000001,  0.000000,  1.000000,  0.000000,  1.994576,  0.000000,  0.000042,  1.000000]
																		}
																	]
																}, 
																{
																	"id": "Bone_L_eye", 
																	"skeleton": false, 
																	"transform": [ 0.153793, -0.971021,  0.182939,  0.000000,  0.039111, -0.179014, -0.983069,  0.000000,  0.987329,  0.158344,  0.010447,  0.000000,  10.197479, -4.077240, -3.657777,  1.000000], 
																	"children": [
																		{
																			"id": "nub18", 
																			"skeleton": false, 
																			"transform": [ 1.000000, -0.000013,  0.000001,  0.000000,  0.000013,  1.000000, -0.000000,  0.000000, -0.000001,  0.000000,  1.000000,  0.000000,  1.754223, -0.000014,  0.000046,  1.000000]
																		}
																	]
																}, 
																{
																	"id": "Bone_L_upper_eye", 
																	"skeleton": false, 
																	"transform": [ 0.688534, -0.705397, -0.168331,  0.000000, -0.721655, -0.643517, -0.255149,  0.000000,  0.071658,  0.297156, -0.952136,  0.000000,  10.197479, -4.077240, -3.657777,  1.000000], 
																	"children": [
																		{
																			"id": "nub17", 
																			"skeleton": false, 
																			"transform": [ 1.000000, -0.000007,  0.000000,  0.000000,  0.000007,  1.000000,  0.000000,  0.000000, -0.000000, -0.000000,  1.000000,  0.000000,  1.754219, -0.000031,  0.000021,  1.000000]
																		}
																	]
																}, 
																{
																	"id": "Bone_R_lower_eye", 
																	"skeleton": false, 
																	"transform": [-0.316966, -0.918058,  0.238121,  0.000000,  0.945250, -0.326347,  0.000027,  0.000000,  0.077685,  0.225093,  0.971235,  0.000000,  10.114410, -4.100861,  3.657836,  1.000000], 
																	"children": [
																		{
																			"id": "nub15", 
																			"skeleton": false, 
																			"transform": [ 1.000000,  0.000000, -0.000000,  0.000000, -0.000000,  1.000000, -0.000000,  0.000000,  0.000000,  0.000000,  1.000000,  0.000000,  1.994576,  0.000015,  0.000046,  1.000000]
																		}
																	]
																}, 
																{
																	"id": "Bone_R_eye", 
																	"skeleton": false, 
																	"transform": [ 0.149922, -0.946738,  0.284973,  0.000000,  0.076832, -0.276203, -0.958023,  0.000000,  0.985708,  0.165524,  0.031331,  0.000000,  10.197250, -4.077274,  3.657836,  1.000000], 
																	"children": [
																		{
																			"id": "nub14", 
																			"skeleton": false, 
																			"transform": [ 1.000000, -0.000000, -0.000000,  0.000000,  0.000000,  1.000000, -0.000000,  0.000000,  0.000000,  0.000000,  1.000000,  0.000000,  1.754232,  0.000011,  0.000015,  1.000000]
																		}
																	]
																}, 
																{
																	"id": "Bone_R_upper_eye", 
																	"skeleton": false, 
																	"transform": [ 0.688525, -0.705398,  0.168367,  0.000000,  0.721669,  0.643519, -0.255101,  0.000000,  0.071600,  0.297149,  0.952143,  0.000000,  10.197250, -4.077274,  3.657836,  1.000000], 
																	"children": [
																		{
																			"id": "nub13", 
																			"skeleton": false, 
																			"transform": [ 1.000000, -0.000000, -0.000000,  0.000000,  0.000000,  1.000000, -0.000000,  0.000000,  0.000000,  0.000000,  1.000000,  0.000000,  1.754211, -0.000031,  0.000015,  1.000000]
																		}
																	]
																}
															]
														}
													]
												}, 
												{
													"id": "Bone_L_Calvicle", 
													"skeleton": false, 
													"transform": [ 0.358282, -0.925777,  0.120712,  0.000000,  0.890699,  0.377694,  0.252988,  0.000000, -0.279803,  0.016877,  0.959909,  0.000000,  5.798203, -3.432467, -5.143875,  1.000000], 
													"children": [
														{
															"id": "Bone_L_upper_arm", 
															"skeleton": false, 
															"transform": [-0.037475, -0.912589,  0.407157,  0.000000,  0.758698, -0.291156, -0.582757,  0.000000,  0.650364,  0.287070,  0.703290,  0.000000,  9.329544, -0.000023,  0.000000,  1.000000], 
															"children": [
																{
																	"id": "Bone_L_arm", 
																	"skeleton": false, 
																	"transform": [-0.125776, -0.320202,  0.938963,  0.000000, -0.990706,  0.089948, -0.102033,  0.000000, -0.051786, -0.943070, -0.328539,  0.000000,  24.375565,  0.000008,  0.000015,  1.000000], 
																	"children": [
																		{
																			"id": "Bone001", 
																			"skeleton": false, 
																			"transform": [ 0.973993,  0.113717, -0.195976,  0.000000, -0.225249,  0.579533, -0.783201,  0.000000,  0.024511,  0.806976,  0.590076,  0.000000,  16.890717,  0.000000, -0.000011,  1.000000], 
																			"children": [
																				{
																					"id": "Bone002", 
																					"skeleton": false, 
																					"transform": [ 0.969086,  0.081554, -0.232856,  0.000000, -0.246720,  0.314668, -0.916577,  0.000000, -0.001478,  0.945691,  0.325061,  0.000000,  3.602188, -0.000015, -0.000000,  1.000000]
																				}
																			]
																		}, 
																		{
																			"id": "Point029", 
																			"skeleton": false, 
																			"transform": [ 1.000000, -0.000000,  0.000000,  0.000000,  0.000000,  1.000001,  0.000000,  0.000000, -0.000000, -0.000000,  1.000000,  0.000000,  16.890739, -0.000008, -0.000172,  1.000000]
																		}, 
																		{
																			"id": "Point031", 
																			"skeleton": false, 
																			"transform": [ 1.000000, -0.000000,  0.000000,  0.000000,  0.000000,  1.000000,  0.000000,  0.000000, -0.000000, -0.000000,  1.000000,  0.000000,  20.492882, -0.000000, -0.000011,  1.000000]
																		}, 
																		{
																			"id": "Point032", 
																			"skeleton": false, 
																			"transform": [ 0.919351, -0.115514, -0.376100,  0.000000, -0.315371, -0.787906, -0.528910,  0.000000, -0.235235,  0.604864, -0.760791,  0.000000,  24.599289, -0.000015, -0.000027,  1.000000], 
																			"children": [
																				{
																					"id": "Bone_L_hand", 
																					"skeleton": false, 
																					"transform": [ 0.965926, -0.258819, -0.000000,  0.000000,  0.258819,  0.965925,  0.000001,  0.000000, -0.000000, -0.000001,  1.000000,  0.000000,  0.000000,  0.000008,  0.000008,  1.000000], 
																					"children": [
																						{
																							"id": "nub29", 
																							"skeleton": false, 
																							"transform": [ 1.000000,  0.000000, -0.000000,  0.000000, -0.000000,  1.000000,  0.000000,  0.000000,  0.000000, -0.000000,  1.000000,  0.000000,  7.125465, -0.000023,  0.000008,  1.000000], 
																							"children": [
																								{
																									"id": "Bone_L_thumb00", 
																									"skeleton": false, 
																									"transform": [ 0.350388, -0.459464,  0.816163,  0.000000, -0.766288,  0.360426,  0.531880,  0.000000, -0.538546, -0.811780, -0.225793,  0.000000, -6.511246, -0.472530,  1.341179,  1.000000], 
																									"children": [
																										{
																											"id": "Bone_L_thumb01", 
																											"skeleton": false, 
																											"transform": [ 0.909987, -0.376211, -0.174324,  0.000000,  0.411220,  0.872714,  0.263191,  0.000000,  0.053120, -0.311186,  0.948863,  0.000000,  3.074364,  0.000000, -0.000004,  1.000000], 
																											"children": [
																												{
																													"id": "Bone_L_thumb02", 
																													"skeleton": false, 
																													"transform": [ 0.989194,  0.108799, -0.098281,  0.000000, -0.137005,  0.924631, -0.355368,  0.000000,  0.052210,  0.364993,  0.929545,  0.000000,  2.640594, -0.000002, -0.000001,  1.000000], 
																													"children": [
																														{
																															"id": "nub22", 
																															"skeleton": false, 
																															"transform": [ 0.995249, -0.050870,  0.083017,  0.000000,  0.051043,  0.998696,  0.000034,  0.000000, -0.082911,  0.004204,  0.996548,  0.000000,  2.793442,  0.000004,  0.000002,  1.000000]
																														}
																													]
																												}
																											]
																										}
																									]
																								}, 
																								{
																									"id": "Bone_L_finger00", 
																									"skeleton": false, 
																									"transform": [ 0.811901, -0.579889,  0.067413,  0.000000,  0.583778,  0.805573, -0.101272,  0.000000,  0.004420,  0.121577,  0.992572,  0.000000,  0.297226,  0.150547,  2.377655,  1.000000], 
																									"children": [
																										{
																											"id": "Bone_L_finger01", 
																											"skeleton": false, 
																											"transform": [ 0.856063, -0.516871,  0.000000,  0.000000,  0.516871,  0.856063,  0.000000,  0.000000, -0.000000, -0.000000,  1.000000,  0.000000,  3.370529,  0.000011,  0.000008,  1.000000], 
																											"children": [
																												{
																													"id": "Bone_L_finger02", 
																													"skeleton": false, 
																													"transform": [ 0.970993,  0.239107, -0.000000,  0.000000, -0.239108,  0.970993, -0.000000,  0.000000, -0.000000,  0.000000,  1.000000,  0.000000,  2.620354,  0.000008,  0.000000,  1.000000], 
																													"children": [
																														{
																															"id": "nub21", 
																															"skeleton": false, 
																															"transform": [ 1.000000, -0.000000,  0.000000,  0.000000,  0.000000,  1.000000, -0.000000,  0.000000, -0.000000,  0.000000,  1.000000,  0.000000,  2.115524,  0.000015, -0.000008,  1.000000]
																														}
																													]
																												}
																											]
																										}
																									]
																								}, 
																								{
																									"id": "Bone_L_finger03", 
																									"skeleton": false, 
																									"transform": [ 0.590483, -0.804407, -0.065271,  0.000000,  0.806418,  0.584887,  0.087164,  0.000000, -0.031939, -0.104104,  0.994053,  0.000000,  0.395630, -0.091885,  0.475388,  1.000000], 
																									"children": [
																										{
																											"id": "Bone_L_finger04", 
																											"skeleton": false, 
																											"transform": [-0.144213, -0.989547,  0.000000,  0.000000,  0.989546, -0.144213,  0.000000,  0.000000, -0.000000,  0.000000,  1.000000,  0.000000,  3.511070,  0.000000,  0.000008,  1.000000], 
																											"children": [
																												{
																													"id": "Bone_L_finger05", 
																													"skeleton": false, 
																													"transform": [ 0.509247, -0.860621, -0.000000,  0.000000,  0.860621,  0.509247, -0.000000,  0.000000,  0.000000, -0.000000,  1.000000,  0.000000,  2.144867,  0.000015, -0.000023,  1.000000], 
																													"children": [
																														{
																															"id": "nub19", 
																															"skeleton": false, 
																															"transform": [ 1.000000, -0.000001,  0.000000,  0.000000,  0.000001,  1.000000, -0.000000,  0.000000, -0.000000,  0.000000,  1.000000,  0.000000,  2.454330,  0.000008,  0.000015,  1.000000]
																														}
																													]
																												}
																											]
																										}
																									]
																								}, 
																								{
																									"id": "Bone_L_finger06", 
																									"skeleton": false, 
																									"transform": [ 0.658350, -0.738002,  0.148080,  0.000000,  0.750729,  0.629512, -0.200303,  0.000000,  0.054606,  0.243038,  0.968478,  0.000000,  0.202408, -0.693813, -3.043282,  1.000000], 
																									"children": [
																										{
																											"id": "Bone_L_finger07", 
																											"skeleton": false, 
																											"transform": [-0.193520, -0.981096,  0.000000,  0.000000,  0.981096, -0.193520,  0.000000,  0.000000,  0.000000,  0.000000,  1.000000,  0.000000,  2.706551,  0.000004,  0.000015,  1.000000], 
																											"children": [
																												{
																													"id": "Bone_L_finger08", 
																													"skeleton": false, 
																													"transform": [ 0.406965, -0.913444,  0.000000,  0.000000,  0.913444,  0.406965,  0.000000,  0.000000, -0.000000, -0.000000,  1.000000,  0.000000,  2.004524, -0.000015, -0.000008,  1.000000], 
																													"children": [
																														{
																															"id": "nub28", 
																															"skeleton": false, 
																															"transform": [ 1.000000, -0.000001, -0.000000,  0.000000,  0.000001,  1.000000, -0.000000,  0.000000,  0.000000,  0.000000,  1.000000,  0.000000,  1.873276,  0.000029,  0.000008,  1.000000]
																														}
																													]
																												}
																											]
																										}
																									]
																								}, 
																								{
																									"id": "Bone_L_finger09", 
																									"skeleton": false, 
																									"transform": [ 0.712399, -0.697657,  0.075908,  0.000000,  0.701662,  0.706165, -0.094883,  0.000000,  0.012593,  0.120856,  0.992590,  0.000000,  0.370148, -0.336460, -1.533318,  1.000000], 
																									"children": [
																										{
																											"id": "Bone_L_finger10", 
																											"skeleton": false, 
																											"transform": [-0.392645, -0.919690, -0.000000,  0.000000,  0.919690, -0.392645,  0.000000,  0.000000, -0.000000,  0.000000,  1.000000,  0.000000,  3.329987, -0.000004,  0.000023,  1.000000], 
																											"children": [
																												{
																													"id": "Bone_L_finger11", 
																													"skeleton": false, 
																													"transform": [ 0.541104, -0.840956, -0.000000,  0.000000,  0.840956,  0.541104, -0.000000,  0.000000,  0.000000, -0.000000,  1.000000,  0.000000,  2.279633,  0.000008,  0.000015,  1.000000], 
																													"children": [
																														{
																															"id": "nub20", 
																															"skeleton": false, 
																															"transform": [ 1.000000, -0.000000,  0.000000,  0.000000,  0.000000,  1.000000, -0.000000,  0.000000, -0.000000,  0.000000,  1.000000,  0.000000,  2.504654,  0.000013,  0.000008,  1.000000]
																														}
																													]
																												}
																											]
																										}
																									]
																								}
																							]
																						}, 
																						{
																							"id": "Bone_ball", 
																							"skeleton": false, 
																							"transform": [ 0.218718,  0.828672,  0.515235,  0.000000,  0.695029, -0.502916,  0.513818,  0.000000,  0.684906,  0.245722, -0.685947,  0.000000,  6.862831, -3.911789,  3.650131,  1.000000]
																						}
																					]
																				}
																			]
																		}
																	]
																}, 
																{
																	"id": "Point030", 
																	"skeleton": false, 
																	"transform": [ 0.998558,  0.037796,  0.038134,  0.000000, -0.047424,  0.953893,  0.296378,  0.000000, -0.025174, -0.297758,  0.954309,  0.000000,  24.375557,  0.000013, -0.000023,  1.000000]
																}
															]
														}
													]
												}, 
												{
													"id": "Bone_R_Calvicle", 
													"skeleton": false, 
													"transform": [ 0.326967,  0.944981, -0.010147,  0.000000, -0.760445,  0.256711, -0.596509,  0.000000, -0.561085,  0.202755,  0.802542,  0.000000,  5.798218,  3.431605, -5.144230,  1.000000], 
													"children": [
														{
															"id": "Bone_R_upper_arm", 
															"skeleton": false, 
															"transform": [-0.135764,  0.900923, -0.412197,  0.000000, -0.511743, -0.420019, -0.749469,  0.000000, -0.848344,  0.109188,  0.518064,  0.000000,  9.329544,  0.000038,  0.000031,  1.000000], 
															"children": [
																{
																	"id": "Bone_R_arm", 
																	"skeleton": false, 
																	"transform": [ 0.335363, -0.466349,  0.818566,  0.000000,  0.917084,  0.360459, -0.170367,  0.000000, -0.215609,  0.807829,  0.548566,  0.000000,  24.375549, -0.000008, -0.000008,  1.000000], 
																	"children": [
																		{
																			"id": "Bone_R_hand", 
																			"skeleton": false, 
																			"transform": [ 0.331860,  0.942978, -0.025723,  0.000000, -0.943318,  0.331862, -0.004324,  0.000000,  0.004460,  0.025700,  0.999660,  0.000000,  24.599304, -0.000040,  0.000011,  1.000000], 
																			"children": [
																				{
																					"id": "nub30", 
																					"skeleton": false, 
																					"transform": [ 1.000000,  0.000002,  0.000001,  0.000000, -0.000002,  1.000000, -0.000001,  0.000000, -0.000001,  0.000001,  1.000000,  0.000000,  7.125458,  0.000023,  0.000004,  1.000000], 
																					"children": [
																						{
																							"id": "Bone_R_04", 
																							"skeleton": false, 
																							"transform": [ 0.646925,  0.242430,  0.722991,  0.000000,  0.612743,  0.399103, -0.682102,  0.000000, -0.453910,  0.884276,  0.109642,  0.000000, -6.511280,  0.472534,  1.341183,  1.000000], 
																							"children": [
																								{
																									"id": "Bone_R_05", 
																									"skeleton": false, 
																									"transform": [ 0.582462,  0.762165, -0.282564,  0.000000, -0.811121,  0.567686, -0.140769,  0.000000,  0.053119,  0.311186,  0.948864,  0.000000,  3.074348,  0.000008, -0.000015,  1.000000], 
																									"children": [
																										{
																											"id": "Bone_R_06", 
																											"skeleton": false, 
																											"transform": [ 0.927543,  0.367488,  0.067951,  0.000000, -0.371806,  0.889048,  0.267124,  0.000000,  0.037753, -0.273034,  0.961263,  0.000000,  2.640621,  0.000008,  0.000000,  1.000000], 
																											"children": [
																												{
																													"id": "nub26", 
																													"skeleton": false, 
																													"transform": [ 0.995248,  0.050870,  0.083018,  0.000000, -0.051044,  0.998696, -0.000034,  0.000000, -0.082912, -0.004204,  0.996548,  0.000000,  2.793438, -0.000010,  0.000015,  1.000000]
																												}
																											]
																										}
																									]
																								}
																							]
																						}, 
																						{
																							"id": "Bone_R_finger00", 
																							"skeleton": false, 
																							"transform": [ 0.632891,  0.756443,  0.165054,  0.000000, -0.773536,  0.626872,  0.093133,  0.000000, -0.033018, -0.186618,  0.981877,  0.000000,  0.202385,  0.693794, -3.043270,  1.000000], 
																							"children": [
																								{
																									"id": "Bone_R_finger01", 
																									"skeleton": false, 
																									"transform": [ 0.707106,  0.707107,  0.000000,  0.000000, -0.707107,  0.707106,  0.000000,  0.000000, -0.000000, -0.000000,  1.000000,  0.000000,  2.706573, -0.000015,  0.000014,  1.000000], 
																									"children": [
																										{
																											"id": "Bone_R_finger02", 
																											"skeleton": false, 
																											"transform": [ 0.707107,  0.707106, -0.000000,  0.000000, -0.707106,  0.707107,  0.000000,  0.000000,  0.000000,  0.000000,  1.000000,  0.000000,  2.004517, -0.000004, -0.000027,  1.000000], 
																											"children": [
																												{
																													"id": "nub27", 
																													"skeleton": false, 
																													"transform": [ 1.000000,  0.000002,  0.000000,  0.000000, -0.000002,  1.000000,  0.000000,  0.000000, -0.000000, -0.000000,  1.000000,  0.000000,  1.873322, -0.000027,  0.000003,  1.000000]
																												}
																											]
																										}
																									]
																								}
																							]
																						}, 
																						{
																							"id": "Bone_R_finger03", 
																							"skeleton": false, 
																							"transform": [ 0.640014,  0.749116,  0.170900,  0.000000, -0.767139,  0.635538,  0.087116,  0.000000, -0.043354, -0.186859,  0.981430,  0.000000,  0.370132,  0.336441, -1.533319,  1.000000], 
																							"children": [
																								{
																									"id": "Bone_R_finger04", 
																									"skeleton": false, 
																									"transform": [ 0.707106,  0.707108,  0.000000,  0.000000, -0.707108,  0.707106, -0.000000,  0.000000, -0.000000,  0.000000,  1.000000,  0.000000,  3.329983,  0.000023,  0.000007,  1.000000], 
																									"children": [
																										{
																											"id": "Bone_R_finger05", 
																											"skeleton": false, 
																											"transform": [ 0.707108,  0.707106, -0.000000,  0.000000, -0.707106,  0.707108, -0.000000,  0.000000,  0.000000,  0.000000,  1.000000,  0.000000,  2.279617,  0.000011, -0.000009,  1.000000], 
																											"children": [
																												{
																													"id": "nub25", 
																													"skeleton": false, 
